s,Pa,Pa,m/s,m/s,m/s,m3/s
Time,"INLET PRESSURE","EXIT PRESSURE","Uinst","Vinst","Winst","QDOT"
 0.0000000E+000, 0.0000000E+000, 0.0000000E+000, 6.4611518E-003,-5.5002716E-003,-1.2865809E-003, 6.0986372E-020
 3.1622777E-001, 7.7259197E+000, 1.2658746E-002, 3.2439297E-002,-5.4211364E-003,-1.2373085E-003, 2.0830562E-001
 6.3245553E-001, 6.3997054E+000, 9.9622775E-003, 6.2823871E-002,-5.2926504E-003,-1.1659598E-003, 4.5064860E-001
 7.9056942E-001, 4.9931808E+000, 7.5140696E-003, 8.0770326E-002,-5.1717062E-003,-1.1020432E-003, 5.9285834E-001
 1.1067972E+000, 3.6347525E+000, 5.3427293E-003, 9.3639758E-002,-5.0186530E-003,-1.0202640E-003, 6.9395116E-001
 1.2649111E+000, 2.4927785E+000, 3.5974858E-003, 1.0304961E-001,-4.8371994E-003,-9.2045228E-004, 7.6717115E-001
 1.5811388E+000, 1.6697317E+000, 2.3863172E-003, 1.0917173E-001,-4.6204362E-003,-7.9575119E-004, 8.1405352E-001
 1.7392527E+000, 1.0729028E+000, 1.5250841E-003, 1.1342986E-001,-4.3776231E-003,-6.5063152E-004, 8.4612592E-001
 2.0554805E+000, 6.9149707E-001, 9.8344753E-004, 1.1609394E-001,-4.1069407E-003,-4.8070832E-004, 8.6569026E-001
 2.2135944E+000, 4.3114001E-001, 6.1658825E-004, 1.1791168E-001,-3.8184642E-003,-2.9209681E-004, 8.7874747E-001
 2.5298221E+000, 2.7272845E-001, 3.9470306E-004, 1.1902444E-001,-3.5137948E-003,-8.2022222E-005, 8.8655271E-001
 2.6879360E+000, 1.6720365E-001, 2.4726724E-004, 1.1976324E-001,-3.2009952E-003, 1.4355696E-004, 8.9170997E-001
 3.0041638E+000, 1.0427639E-001, 1.5946769E-004, 1.2018243E-001,-2.8837433E-003, 3.8635796E-004, 8.9476800E-001
 3.1622777E+000, 6.2789424E-002, 1.0158232E-004, 1.2042324E-001,-2.5671283E-003, 6.4120471E-004, 8.9678060E-001
 3.4785054E+000, 3.8276626E-002, 6.7346569E-005, 1.2050006E-001,-2.2559004E-003, 9.0895778E-004, 8.9797020E-001
 3.6366193E+000, 2.2206137E-002, 4.4868547E-005, 1.2047637E-001,-1.9521500E-003, 1.1853176E-003, 8.9875192E-001
 3.9528471E+000, 1.2775507E-002, 3.1639634E-005, 1.2035061E-001,-1.6609666E-003, 1.4702753E-003, 8.9921340E-001
 4.1109610E+000, 6.6349187E-003, 2.2993091E-005, 1.2015579E-001,-1.3818949E-003, 1.7603749E-003, 8.9951647E-001
 4.4271887E+000, 3.0779937E-003, 1.7943452E-005, 1.1988499E-001,-1.1198007E-003, 2.0547226E-003, 8.9969531E-001
 4.5853026E+000, 8.0074967E-004, 1.4672431E-005, 1.1955951E-001,-8.7223810E-004, 2.3506922E-003, 8.9981272E-001
 4.9015304E+000,-4.6896242E-004, 1.2794672E-005, 1.1917159E-001,-6.4328938E-004, 2.6463210E-003, 8.9988199E-001
 5.0596443E+000,-1.2378448E-003, 1.1603701E-005, 1.1873788E-001,-4.2915480E-004, 2.9396455E-003, 8.9992747E-001
 5.3758720E+000,-1.6129917E-003, 1.0947969E-005, 1.1825190E-001,-2.3302072E-004, 3.2274358E-003, 8.9995430E-001
 5.5339859E+000,-1.7904022E-003, 1.0553645E-005, 1.1772810E-001,-5.0700459E-005, 3.5086583E-003, 8.9997191E-001
 5.8502137E+000,-1.8086594E-003, 1.0359825E-005, 1.1716239E-001, 1.1521960E-004, 3.7790022E-003, 8.9998230E-001
 6.0083276E+000,-1.7503492E-003, 1.0261120E-005, 1.1656773E-001, 2.6876623E-004, 4.0385191E-003, 8.9998912E-001
 6.3245553E+000,-1.6351280E-003, 1.0231741E-005, 1.1594317E-001, 4.0781229E-004, 4.2818794E-003, 8.9999315E-001
 6.4826692E+000,-1.4939404E-003, 1.0232137E-005, 1.1530003E-001, 5.3602442E-004, 4.5102526E-003, 8.9999579E-001
 6.7988970E+000,-1.3363144E-003, 1.0250254E-005, 1.1464073E-001, 6.5161783E-004, 4.7173887E-003, 8.9999735E-001
 7.1151247E+000,-1.1236076E-003, 1.0279581E-005, 1.1375149E-001, 7.9032603E-004, 4.9615084E-003, 8.9999859E-001
 7.2732386E+000,-9.6988004E-004, 1.0298492E-005, 1.1308429E-001, 8.8381567E-004, 5.1182248E-003, 8.9999913E-001
 7.5894664E+000,-8.2881587E-004, 1.0309748E-005, 1.1242530E-001, 9.6843388E-004, 5.2459162E-003, 8.9999945E-001
 7.7475803E+000,-7.0113610E-004, 1.0313375E-005, 1.1177866E-001, 1.0474524E-003, 5.3487057E-003, 8.9999966E-001
 8.0638080E+000,-5.9288575E-004, 1.0306948E-005, 1.1115461E-001, 1.1214747E-003, 5.4186041E-003, 8.9999979E-001
 8.2219219E+000,-5.0139233E-004, 1.0292745E-005, 1.1055427E-001, 1.1930523E-003, 5.4610429E-003, 8.9999987E-001
 8.5381497E+000,-4.3130336E-004, 1.0269855E-005, 1.0999029E-001, 1.2633531E-003, 5.4681604E-003, 8.9999992E-001
 8.6962636E+000,-3.7806892E-004, 1.0241185E-005, 1.0946051E-001, 1.3338985E-003, 5.4465846E-003, 8.9999995E-001
 9.0124913E+000,-3.4472783E-004, 1.0207080E-005, 1.0897939E-001, 1.4060844E-003, 5.3891262E-003, 8.9999997E-001
 9.1706052E+000,-3.2586809E-004, 1.0170188E-005, 1.0854145E-001, 1.4804837E-003, 5.3032973E-003, 8.9999998E-001
 9.4868330E+000,-3.2296935E-004, 1.0131824E-005, 1.0816211E-001, 1.5585466E-003, 5.1828859E-003, 8.9999999E-001
 9.6449469E+000,-3.3115796E-004, 1.0093853E-005, 1.0783280E-001, 1.6400957E-003, 5.0358098E-003, 8.9999999E-001
 9.9611746E+000,-3.5132877E-004, 1.0058190E-005, 1.0756912E-001, 1.7264596E-003, 4.8570324E-003, 9.0000000E-001
 1.0119289E+001,-3.7993267E-004, 1.0025665E-005, 1.0735986E-001, 1.8168706E-003, 4.6544257E-003, 9.0000000E-001
 1.0435516E+001,-4.1840986E-004, 9.9983503E-006, 1.0722013E-001, 1.9123387E-003, 4.4242209E-003, 9.0000000E-001
 1.0593630E+001,-4.6437738E-004, 9.9759752E-006, 1.0713661E-001, 2.0116748E-003, 4.1738375E-003, 9.0000000E-001
 1.0909858E+001,-5.1916511E-004, 9.9603429E-006, 1.0712322E-001, 2.1153609E-003, 3.9007508E-003, 9.0000000E-001
 1.1067972E+001,-5.8062233E-004, 9.9502854E-006, 1.0716522E-001, 2.2219463E-003, 3.6115820E-003, 9.0000000E-001
 1.1384200E+001,-6.5009418E-004, 9.9470482E-006, 1.0727473E-001, 2.3311364E-003, 3.3049905E-003, 9.0000000E-001
 1.1542313E+001,-7.2582444E-004, 9.9489032E-006, 1.0743633E-001, 2.4414004E-003, 2.9866682E-003, 9.0000000E-001
 1.1858541E+001,-8.0919543E-004, 9.9563631E-006, 1.0765982E-001, 2.5515342E-003, 2.6564885E-003, 9.0000000E-001
 1.2016655E+001,-8.9848597E-004, 9.9675297E-006, 1.0792978E-001, 2.6602775E-003, 2.3190290E-003, 9.0000000E-001
 1.2332883E+001,-9.9458173E-004, 9.9821892E-006, 1.0825335E-001, 2.7655444E-003, 1.9750765E-003, 9.0000000E-001
 1.2490997E+001,-1.0954228E-003, 9.9986638E-006, 1.0861584E-001, 2.8665585E-003, 1.6278711E-003, 9.0000000E-001
 1.2807225E+001,-1.2010838E-003, 1.0016161E-005, 1.0902155E-001, 2.9603138E-003, 1.2788051E-003, 9.0000000E-001
 1.2965338E+001,-1.3096053E-003, 1.0033516E-005, 1.0945720E-001, 3.0466415E-003, 9.2986818E-004, 9.0000000E-001
 1.3281566E+001,-1.4203844E-003, 1.0049601E-005, 1.0992414E-001, 3.1215549E-003, 5.8294081E-004, 9.0000000E-001
 1.3597794E+001,-1.5688941E-003, 1.0067912E-005, 1.1057851E-001, 3.2026565E-003, 1.2575797E-004, 9.0000000E-001
 1.3755908E+001,-1.6794473E-003, 1.0078568E-005, 1.1108656E-001, 3.2468391E-003,-2.1138360E-004, 9.0000000E-001
 1.4072136E+001,-1.7876649E-003, 1.0085564E-005, 1.1160417E-001, 3.2710132E-003,-5.4077922E-004, 9.0000000E-001
 1.4230249E+001,-1.8930696E-003, 1.0089419E-005, 1.1212416E-001, 3.2767016E-003,-8.6260542E-004, 9.0000000E-001
 1.4546477E+001,-1.9940129E-003, 1.0089306E-005, 1.1264062E-001, 3.2562028E-003,-1.1732595E-003, 9.0000000E-001
 1.4704591E+001,-2.0908940E-003, 1.0086128E-005, 1.1314920E-001, 3.2124295E-003,-1.4735939E-003, 9.0000000E-001
 1.5020819E+001,-2.1823767E-003, 1.0079440E-005, 1.1364186E-001, 3.1369863E-003,-1.7592416E-003, 9.0000000E-001
 1.5178933E+001,-2.2695575E-003, 1.0070303E-005, 1.1411714E-001, 3.0344708E-003,-2.0316712E-003, 9.0000000E-001
 1.5495161E+001,-2.3514059E-003, 1.0058660E-005, 1.1456533E-001, 2.8965323E-003,-2.2857319E-003, 9.0000000E-001
 1.5653274E+001,-2.4292991E-003, 1.0045501E-005, 1.1498793E-001, 2.7294453E-003,-2.5236290E-003, 9.0000000E-001
 1.5969502E+001,-2.5027688E-003, 1.0031079E-005, 1.1537412E-001, 2.5256020E-003,-2.7395139E-003, 9.0000000E-001
 1.6127616E+001,-2.5732200E-003, 1.0016136E-005, 1.1572810E-001, 2.2926105E-003,-2.9363761E-003, 9.0000000E-001
 1.6443844E+001,-2.6402360E-003, 1.0001092E-005, 1.1603857E-001, 2.0242526E-003,-3.1077720E-003, 9.0000000E-001
 1.6601958E+001,-2.7048298E-003, 9.9863449E-006, 1.1631207E-001, 1.7289635E-003,-3.2575334E-003, 9.0000000E-001
 1.6918185E+001,-2.7669789E-003, 9.9723299E-006, 1.1653734E-001, 1.4024032E-003,-3.3788539E-003, 9.0000000E-001
 1.7076299E+001,-2.8275012E-003, 9.9591003E-006, 1.1672289E-001, 1.0531995E-003,-3.4764644E-003, 9.0000000E-001
 1.7392527E+001,-2.8864274E-003, 9.9469672E-006, 1.1685813E-001, 6.7926791E-004,-3.5435232E-003, 9.0000000E-001
 1.7550641E+001,-2.9443724E-003, 9.9357108E-006, 1.1695313E-001, 2.8880430E-004,-3.5856526E-003, 9.0000000E-001
 1.7866869E+001,-3.0014571E-003, 9.9254291E-006, 1.1699861E-001,-1.1776489E-004,-3.5964135E-003, 9.0000000E-001
 1.8024983E+001,-3.0581379E-003, 9.9157577E-006, 1.1700566E-001,-5.3326074E-004,-3.5822095E-003, 9.0000000E-001
 1.8341210E+001,-3.1144969E-003, 9.9065551E-006, 1.1696686E-001,-9.5456341E-004,-3.5374019E-003, 9.0000000E-001
 1.8499324E+001,-3.1706395E-003, 9.8974538E-006, 1.1689360E-001,-1.3759781E-003,-3.4689053E-003, 9.0000000E-001
 1.8815552E+001,-3.2264018E-003, 9.8881118E-006, 1.1678064E-001,-1.7915634E-003,-3.3722260E-003, 9.0000000E-001
 1.8973666E+001,-3.2815589E-003, 9.8782844E-006, 1.1663893E-001,-2.1975592E-003,-3.2544286E-003, 9.0000000E-001
 1.9289894E+001,-3.3354651E-003, 9.8675126E-006, 1.1646546E-001,-2.5853218E-003,-3.1123716E-003, 9.0000000E-001
 1.9448008E+001,-3.3879783E-003, 9.8557509E-006, 1.1627015E-001,-2.9535363E-003,-2.9528127E-003, 9.0000000E-001
 1.9764235E+001,-3.4382765E-003, 9.8425288E-006, 1.1605224E-001,-3.2912926E-003,-2.7739594E-003, 9.0000000E-001
 1.9922349E+001,-3.4864925E-003, 9.8280209E-006, 1.1582016E-001,-3.6000808E-003,-2.5818281E-003, 9.0000000E-001
 2.0238577E+001,-3.5318678E-003, 9.8118653E-006, 1.1557535E-001,-3.8673870E-003,-2.3758762E-003, 9.0000000E-001
 2.0554805E+001,-3.5884932E-003, 9.7882498E-006, 1.1523979E-001,-4.1613298E-003,-2.0872375E-003, 9.0000000E-001
 2.0712919E+001,-3.6280609E-003, 9.7691686E-006, 1.1498621E-001,-4.3311290E-003,-1.8630671E-003, 9.0000000E-001
 2.1029146E+001,-3.6648968E-003, 9.7490457E-006, 1.1473638E-001,-4.4468382E-003,-1.6344913E-003, 9.0000000E-001
 2.1187260E+001,-3.6997346E-003, 9.7283870E-006, 1.1449323E-001,-4.5176458E-003,-1.4046167E-003, 9.0000000E-001
 2.1503488E+001,-3.7323377E-003, 9.7075015E-006, 1.1426274E-001,-4.5312162E-003,-1.1758516E-003, 9.0000000E-001
 2.1661602E+001,-3.7633610E-003, 9.6868219E-006, 1.1404562E-001,-4.4987576E-003,-9.5011492E-004, 9.0000000E-001
 2.1977830E+001,-3.7926282E-003, 9.6669038E-006, 1.1384884E-001,-4.4093697E-003,-7.3074937E-004, 9.0000000E-001
 2.2135944E+001,-3.8206434E-003, 9.6479935E-006, 1.1367093E-001,-4.2755280E-003,-5.1846695E-004, 9.0000000E-001
 2.2452171E+001,-3.8472747E-003, 9.6308069E-006, 1.1351945E-001,-4.0882939E-003,-3.1738055E-004, 9.0000000E-001
 2.2610285E+001,-3.8729904E-003, 9.6153306E-006, 1.1339099E-001,-3.8606292E-003,-1.2701294E-004, 9.0000000E-001
 2.2926513E+001,-3.8977102E-003, 9.6023302E-006, 1.1329316E-001,-3.5860245E-003, 4.7929221E-005, 9.0000000E-001
 2.3084627E+001,-3.9217077E-003, 9.5915149E-006, 1.1322088E-001,-3.2772188E-003, 2.0903999E-004, 9.0000000E-001
 2.3400855E+001,-3.9448930E-003, 9.5835806E-006, 1.1318129E-001,-2.9304249E-003, 3.5119102E-004, 9.0000000E-001
 2.3558969E+001,-3.9675355E-003, 9.5779947E-006, 1.1316802E-001,-2.5573744E-003, 4.7697735E-004, 9.0000000E-001
 2.3875196E+001,-3.9895790E-003, 9.5752878E-006, 1.1318731E-001,-2.1570239E-003, 5.8101486E-004, 9.0000000E-001
 2.4033310E+001,-4.0112092E-003, 9.5747638E-006, 1.1323195E-001,-1.7394246E-003, 6.6675990E-004, 9.0000000E-001
 2.4349538E+001,-4.0324054E-003, 9.5767219E-006, 1.1330682E-001,-1.3061708E-003, 7.2871636E-004, 9.0000000E-001
 2.4507652E+001,-4.0533161E-003, 9.5804074E-006, 1.1340435E-001,-8.6519247E-004, 7.7104323E-004, 9.0000000E-001
 2.4823880E+001,-4.0739809E-003, 9.5858571E-006, 1.1352785E-001,-4.2058316E-004, 7.8831752E-004, 9.0000000E-001
 2.4981994E+001,-4.0945520E-003, 9.5923640E-006, 1.1366997E-001, 2.2154021E-005, 7.8532748E-004, 9.0000000E-001
 2.5298221E+001,-4.1152090E-003, 9.5997190E-006, 1.1383239E-001, 4.5666226E-004, 7.5704891E-004, 9.0000000E-001
 2.5456335E+001,-4.1360292E-003, 9.6073689E-006, 1.1400855E-001, 8.7989398E-004, 7.0883860E-004, 9.0000000E-001
 2.5772563E+001,-4.1571790E-003, 9.6149250E-006, 1.1419860E-001, 1.2832446E-003, 6.3647555E-004, 9.0000000E-001
 2.5930677E+001,-4.1786728E-003, 9.6220627E-006, 1.1439714E-001, 1.6662792E-003, 5.4564012E-004, 9.0000000E-001
 2.6246905E+001,-4.2006150E-003, 9.6283039E-006, 1.1460300E-001, 2.0189236E-003, 4.3308076E-004, 9.0000000E-001
 2.6405018E+001,-4.2230787E-003, 9.6335783E-006, 1.1481213E-001, 2.3437146E-003, 3.0443304E-004, 9.0000000E-001
 2.6721246E+001,-4.2461055E-003, 9.6374113E-006, 1.1502220E-001, 2.6299950E-003, 1.5755451E-004, 9.0000000E-001
 2.7037474E+001,-4.2775840E-003, 9.6403712E-006, 1.1529893E-001, 2.9558584E-003,-5.9286262E-005, 9.0000000E-001
 2.7195588E+001,-4.3018192E-003, 9.6409150E-006, 1.1550120E-001, 3.1563272E-003,-2.3531615E-004, 9.0000000E-001
 2.7511816E+001,-4.3265942E-003, 9.6397946E-006, 1.1569530E-001, 3.3114862E-003,-4.2175526E-004, 9.0000000E-001
 2.7669930E+001,-4.3517673E-003, 9.6374037E-006, 1.1588115E-001, 3.4301292E-003,-6.1432436E-004, 9.0000000E-001
 2.7986157E+001,-4.3773658E-003, 9.6335581E-006, 1.1605485E-001, 3.5035791E-003,-8.1166436E-004, 9.0000000E-001
 2.8144271E+001,-4.4032835E-003, 9.6286858E-006, 1.1621761E-001, 3.5417459E-003,-1.0104293E-003, 9.0000000E-001
 2.8460499E+001,-4.4294421E-003, 9.6227296E-006, 1.1636557E-001, 3.5375744E-003,-1.2079037E-003, 9.0000000E-001
 2.8618613E+001,-4.4557330E-003, 9.6160742E-006, 1.1650102E-001, 3.5013722E-003,-1.4018554E-003, 9.0000000E-001
 2.8934841E+001,-4.4820991E-003, 9.6087530E-006, 1.1662038E-001, 3.4279681E-003,-1.5882894E-003, 9.0000000E-001
 2.9092954E+001,-4.5084446E-003, 9.6010570E-006, 1.1672672E-001, 3.3273867E-003,-1.7662547E-003, 9.0000000E-001
 2.9409182E+001,-4.5346506E-003, 9.5930686E-006, 1.1681698E-001, 3.1964243E-003,-1.9306817E-003, 9.0000000E-001
 2.9567296E+001,-4.5606410E-003, 9.5849679E-006, 1.1689475E-001, 3.0442546E-003,-2.0820573E-003, 9.0000000E-001
 2.9883524E+001,-4.5862264E-003, 9.5768462E-006, 1.1695776E-001, 2.8696927E-003,-2.2146124E-003, 9.0000000E-001
 3.0041638E+001,-4.6113755E-003, 9.5687799E-006, 1.1700986E-001, 2.6805966E-003,-2.3303224E-003, 9.0000000E-001
 3.0357866E+001,-4.6358443E-003, 9.5608400E-006, 1.1704973E-001, 2.4775783E-003,-2.4230791E-003, 9.0000000E-001
 3.0515979E+001,-4.6596878E-003, 9.5530256E-006, 1.1708113E-001, 2.2667777E-003,-2.4962086E-003, 9.0000000E-001
 3.0832207E+001,-4.6826888E-003, 9.5453712E-006, 1.1710374E-001, 2.0503178E-003,-2.5435978E-003, 9.0000000E-001
 3.0990321E+001,-4.7049608E-003, 9.5378301E-006, 1.1712084E-001, 1.8324546E-003,-2.5696971E-003, 9.0000000E-001
 3.1306549E+001,-4.7262842E-003, 9.5303927E-006, 1.1713307E-001, 1.6165300E-003,-2.5687065E-003, 9.0000000E-001
 3.1464663E+001,-4.7468916E-003, 9.5229976E-006, 1.1714301E-001, 1.4050066E-003,-2.5459666E-003, 9.0000000E-001
 3.1780890E+001,-4.7665796E-003, 9.5155937E-006, 1.1715211E-001, 1.2024426E-003,-2.4964276E-003, 9.0000000E-001
 3.1939004E+001,-4.7855409E-003, 9.5081288E-006, 1.1716208E-001, 1.0096539E-003,-2.4260912E-003, 9.0000000E-001
 3.2255232E+001,-4.8035791E-003, 9.5005131E-006, 1.1717502E-001, 8.3196088E-004,-2.3309878E-003, 9.0000000E-001
 3.2413346E+001,-4.8208492E-003, 9.4927148E-006, 1.1719173E-001, 6.6831921E-004,-2.2173246E-003, 9.0000000E-001
 3.2729574E+001,-4.8372693E-003, 9.4846121E-006, 1.1721471E-001, 5.2421160E-004,-2.0823737E-003, 9.0000000E-001
 3.2887688E+001,-4.8530994E-003, 9.4762059E-006, 1.1724380E-001, 3.9694999E-004,-1.9321326E-003, 9.0000000E-001
 3.3203915E+001,-4.8682122E-003, 9.4673460E-006, 1.1728164E-001, 2.9175878E-004,-1.7652101E-003, 9.0000000E-001
 3.3362029E+001,-4.8827470E-003, 9.4580640E-006, 1.1732716E-001, 2.0468311E-004,-1.5870413E-003, 9.0000000E-001
 3.3678257E+001,-4.8965837E-003, 9.4481793E-006, 1.1738282E-001, 1.4034384E-004,-1.3976307E-003, 9.0000000E-001
 3.3994485E+001,-4.9141938E-003, 9.4340773E-006, 1.1747082E-001, 8.4314908E-005,-1.1347254E-003, 9.0000000E-001
 3.4152599E+001,-4.9268141E-003, 9.4227313E-006, 1.1754699E-001, 6.3840741E-005,-9.3288918E-004, 9.0000000E-001
 3.4468826E+001,-4.9389275E-003, 9.4105239E-006, 1.1763266E-001, 6.3603719E-005,-7.3016970E-004, 9.0000000E-001
 3.4626940E+001,-4.9507141E-003, 9.3975663E-006, 1.1772521E-001, 7.8396738E-005,-5.2940219E-004, 9.0000000E-001
 3.4943168E+001,-4.9622089E-003, 9.3835999E-006, 1.1782512E-001, 1.1020092E-004,-3.3437440E-004, 9.0000000E-001
 3.5101282E+001,-4.9735562E-003, 9.3687745E-006, 1.1792972E-001, 1.5397794E-004,-1.4648431E-004, 9.0000000E-001
 3.5417510E+001,-4.9848331E-003, 9.3528220E-006, 1.1803840E-001, 2.1040855E-004, 2.9517256E-005, 9.0000000E-001
 3.5575624E+001,-4.9961333E-003, 9.3359369E-006, 1.1814877E-001, 2.7495862E-004, 1.9383083E-004, 9.0000000E-001
 3.5891851E+001,-5.0075753E-003, 9.3178703E-006, 1.1825907E-001, 3.4698757E-004, 3.4114276E-004, 9.0000000E-001
 3.6049965E+001,-5.0191955E-003, 9.2988663E-006, 1.1836747E-001, 4.2278366E-004, 4.7319809E-004, 9.0000000E-001
 3.6366193E+001,-5.0310896E-003, 9.2787330E-006, 1.1847113E-001, 5.0045619E-004, 5.8450727E-004, 9.0000000E-001
 3.6524307E+001,-5.0432419E-003, 9.2577570E-006, 1.1856905E-001, 5.7736175E-004, 6.7816213E-004, 9.0000000E-001
 3.6840535E+001,-5.0557573E-003, 9.2358447E-006, 1.1865740E-001, 6.5054289E-004, 7.4883894E-004, 9.0000000E-001
 3.6998649E+001,-5.0685785E-003, 9.2133076E-006, 1.1873622E-001, 7.1863256E-004, 8.0070101E-004, 9.0000000E-001
 3.7314876E+001,-5.0817570E-003, 9.1901894E-006, 1.1880092E-001, 7.7791361E-004, 8.2892622E-004, 9.0000000E-001
 3.7472990E+001,-5.0951954E-003, 9.1667980E-006, 1.1885272E-001, 8.2834958E-004, 8.3843701E-004, 9.0000000E-001
 3.7789218E+001,-5.1088657E-003, 9.1433473E-006, 1.1888664E-001, 8.6575776E-004, 8.2521572E-004, 9.0000000E-001
 3.7947332E+001,-5.1226238E-003, 9.1201024E-006, 1.1890504E-001, 8.9140470E-004, 7.9462714E-004, 9.0000000E-001
 3.8263560E+001,-5.1363484E-003, 9.0974644E-006, 1.1890284E-001, 9.0106379E-004, 7.4374076E-004, 9.0000000E-001
 3.8421674E+001,-5.1499129E-003, 9.0756087E-006, 1.1888346E-001, 8.9719893E-004, 6.7798839E-004, 9.0000000E-001
 3.8737901E+001,-5.1631041E-003, 9.0551154E-006, 1.1884205E-001, 8.7596737E-004, 5.9565756E-004, 9.0000000E-001
 3.8896015E+001,-5.1758713E-003, 9.0360201E-006, 1.1878283E-001, 8.4081539E-004, 5.0182040E-004, 9.0000000E-001
 3.9212243E+001,-5.1879180E-003, 9.0190428E-006, 1.1870154E-001, 7.8873442E-004, 3.9594768E-004, 9.0000000E-001
 3.9370357E+001,-5.1992291E-003, 9.0040348E-006, 1.1860299E-001, 7.2383154E-004, 2.8239090E-004, 9.0000000E-001
 3.9686585E+001,-5.2095013E-003, 8.9917869E-006, 1.1848376E-001, 6.4425109E-004, 1.6171082E-004, 9.0000000E-001
 3.9844699E+001,-5.2188176E-003, 8.9819449E-006, 1.1834896E-001, 5.5428260E-004, 3.7332133E-005, 9.0000000E-001
 4.0160926E+001,-5.2268395E-003, 8.9752863E-006, 1.1819627E-001, 4.5334317E-004,-8.9164473E-005, 9.0000000E-001
 4.0477154E+001,-5.2356497E-003, 8.9707973E-006, 1.1797177E-001, 3.0762678E-004,-2.5678215E-004, 9.0000000E-001
 4.0635268E+001,-5.2408081E-003, 8.9707242E-006, 1.1778994E-001, 1.9240810E-004,-3.7929834E-004, 9.0000000E-001
 4.0951496E+001,-5.2445122E-003, 8.9738345E-006, 1.1759762E-001, 7.4190138E-005,-4.9598447E-004, 9.0000000E-001
 4.1109610E+001,-5.2470798E-003, 8.9793377E-006, 1.1739914E-001,-4.4402167E-005,-6.0638126E-004, 9.0000000E-001
 4.1425837E+001,-5.2482949E-003, 8.9875457E-006, 1.1719599E-001,-1.6100612E-004,-7.0716924E-004, 9.0000000E-001
 4.1583951E+001,-5.2485065E-003, 8.9976273E-006, 1.1699160E-001,-2.7416106E-004,-7.9909842E-004, 9.0000000E-001
 4.1900179E+001,-5.2475747E-003, 9.0096091E-006, 1.1678891E-001,-3.8090082E-004,-8.7883724E-004, 9.0000000E-001
 4.2058293E+001,-5.2458342E-003, 9.0227115E-006, 1.1659017E-001,-4.8101826E-004,-9.4818257E-004, 9.0000000E-001
 4.2374521E+001,-5.2432422E-003, 9.0366666E-006, 1.1639955E-001,-5.7131686E-004,-1.0040958E-003, 9.0000000E-001
 4.2532635E+001,-5.2400755E-003, 9.0508456E-006, 1.1621790E-001,-6.5277764E-004,-1.0491581E-003, 9.0000000E-001
 4.2848862E+001,-5.2363595E-003, 9.0647233E-006, 1.1605040E-001,-7.2234368E-004,-1.0808524E-003, 9.0000000E-001
 4.3006976E+001,-5.2323180E-003, 9.0779043E-006, 1.1589636E-001,-7.8199085E-004,-1.1022147E-003, 9.0000000E-001
 4.3323204E+001,-5.2279975E-003, 9.0896785E-006, 1.1576157E-001,-8.2912361E-004,-1.1113813E-003, 9.0000000E-001
 4.3481318E+001,-5.2235440E-003, 9.0999372E-006, 1.1564386E-001,-8.6641284E-004,-1.1115331E-003, 9.0000000E-001
 4.3797546E+001,-5.2189739E-003, 9.1078888E-006, 1.1554921E-001,-8.9195539E-004,-1.1015421E-003, 9.0000000E-001
 4.3955659E+001,-5.2143678E-003, 9.1137279E-006, 1.1547405E-001,-9.0876706E-004,-1.0844446E-003, 9.0000000E-001
 4.4271887E+001,-5.2097369E-003, 9.1166955E-006, 1.1542414E-001,-9.1577090E-004,-1.0598279E-003, 9.0000000E-001
 4.4430001E+001,-5.2050979E-003, 9.1172573E-006, 1.1539480E-001,-9.1596965E-004,-1.0303259E-003, 9.0000000E-001
 4.4746229E+001,-5.2004359E-003, 9.1147888E-006, 1.1539120E-001,-9.0913228E-004,-9.9613946E-004, 9.0000000E-001
 4.4904343E+001,-5.1957209E-003, 9.1099547E-006, 1.1540785E-001,-8.9792028E-004,-9.5932170E-004, 9.0000000E-001
 4.5220571E+001,-5.1909082E-003, 9.1023412E-006, 1.1544900E-001,-8.8286268E-004,-9.2054209E-004, 9.0000000E-001
 4.5378684E+001,-5.1859377E-003, 9.0927130E-006, 1.1550876E-001,-8.6602722E-004,-8.8118569E-004, 9.0000000E-001
 4.5694912E+001,-5.1807280E-003, 9.0809105E-006, 1.1559015E-001,-8.4854500E-004,-8.4222613E-004, 9.0000000E-001
 4.5853026E+001,-5.1752466E-003, 9.0676904E-006, 1.1568726E-001,-8.3174207E-004,-8.0437799E-004, 9.0000000E-001
 4.6169254E+001,-5.1693650E-003, 9.0531491E-006, 1.1580167E-001,-8.1715004E-004,-7.6875046E-004, 9.0000000E-001
 4.6327368E+001,-5.1630896E-003, 9.0379302E-006, 1.1592782E-001,-8.0529099E-004,-7.3544202E-004, 9.0000000E-001
 4.6643595E+001,-5.1562830E-003, 9.0223441E-006, 1.1606573E-001,-7.9782790E-004,-7.0553055E-004, 9.0000000E-001
 4.6801709E+001,-5.1490318E-003, 9.0068371E-006, 1.1621054E-001,-7.9447394E-004,-6.7861469E-004, 9.0000000E-001
 4.7117937E+001,-5.1412445E-003, 8.9918604E-006, 1.1636066E-001,-7.9668778E-004,-6.5563841E-004, 9.0000000E-001
 4.7434165E+001,-5.1301215E-003, 8.9731885E-006, 1.1656262E-001,-8.0725945E-004,-6.3033682E-004, 9.0000000E-001
 4.7592279E+001,-5.1212707E-003, 8.9604712E-006, 1.1671200E-001,-8.2075297E-004,-6.1526155E-004, 9.0000000E-001
 4.7908507E+001,-5.1119853E-003, 8.9493188E-006, 1.1685533E-001,-8.3934749E-004,-6.0378941E-004, 9.0000000E-001
 4.8066620E+001,-5.1024257E-003, 8.9395458E-006, 1.1699121E-001,-8.6152332E-004,-5.9487582E-004, 9.0000000E-001
 4.8382848E+001,-5.0926179E-003, 8.9315764E-006, 1.1711467E-001,-8.8734765E-004,-5.8862139E-004, 9.0000000E-001
 4.8540962E+001,-5.0826870E-003, 8.9250598E-006, 1.1722590E-001,-9.1530157E-004,-5.8398214E-004, 9.0000000E-001
 4.8857190E+001,-5.0726955E-003, 8.9203021E-006, 1.1731926E-001,-9.4477453E-004,-5.8062577E-004, 9.0000000E-001
 4.9015304E+001,-5.0627339E-003, 8.9168634E-006, 1.1739653E-001,-9.7445688E-004,-5.7765373E-004, 9.0000000E-001
 4.9331531E+001,-5.0528519E-003, 8.9149156E-006, 1.1745185E-001,-1.0030412E-003,-5.7430675E-004, 9.0000000E-001
 4.9489645E+001,-5.0430777E-003, 8.9140095E-006, 1.1748845E-001,-1.0296093E-003,-5.6995752E-004, 9.0000000E-001
 4.9805873E+001,-5.0334723E-003, 8.9141932E-006, 1.1750067E-001,-1.0521953E-003,-5.6347752E-004, 9.0000000E-001
 4.9963987E+001,-5.0240080E-003, 8.9150719E-006, 1.1749295E-001,-1.0704182E-003,-5.5460409E-004, 9.0000000E-001
 5.0280215E+001,-5.0146980E-003, 8.9166000E-006, 1.1746027E-001,-1.0817354E-003,-5.4191487E-004, 9.0000000E-001
 5.0438329E+001,-5.0054840E-003, 8.9184816E-006, 1.1740797E-001,-1.0864006E-003,-5.2555253E-004, 9.0000000E-001
 5.0754556E+001,-4.9963550E-003, 8.9206192E-006, 1.1733207E-001,-1.0814181E-003,-5.0389226E-004, 9.0000000E-001
 5.0912670E+001,-4.9872649E-003, 8.9228328E-006, 1.1723837E-001,-1.0677237E-003,-4.7748241E-004, 9.0000000E-001
 5.1228898E+001,-4.9781295E-003, 8.9250119E-006, 1.1712420E-001,-1.0420243E-003,-4.4458162E-004, 9.0000000E-001
 5.1387012E+001,-4.9689159E-003, 8.9270830E-006, 1.1699534E-001,-1.0059351E-003,-4.0611087E-004, 9.0000000E-001
 5.1703240E+001,-4.9595336E-003, 8.9289482E-006, 1.1685054E-001,-9.5605578E-004,-3.6030986E-004, 9.0000000E-001
 5.1861354E+001,-4.9499579E-003, 8.9306095E-006, 1.1669513E-001,-8.9464382E-004,-3.0843099E-004, 9.0000000E-001
 5.2177581E+001,-4.9400993E-003, 8.9319847E-006, 1.1652933E-001,-8.1840794E-004,-2.4881732E-004, 9.0000000E-001
 5.2335695E+001,-4.9299886E-003, 8.9331138E-006, 1.1635762E-001,-7.3014826E-004,-1.8300769E-004, 9.0000000E-001
 5.2651923E+001,-4.9195429E-003, 8.9339172E-006, 1.1618165E-001,-6.2689593E-004,-1.0960368E-004, 9.0000000E-001
 5.2810037E+001,-4.9088558E-003, 8.9344428E-006, 1.1600479E-001,-5.1185475E-004,-3.0366666E-005, 9.0000000E-001
 5.3126265E+001,-4.8979192E-003, 8.9345917E-006, 1.1582997E-001,-3.8258664E-004, 5.5672594E-005, 9.0000000E-001
 5.3284379E+001,-4.8868008E-003, 8.9344071E-006, 1.1565925E-001,-2.4251970E-004, 1.4662637E-004, 9.0000000E-001
 5.3600606E+001,-4.8755774E-003, 8.9337512E-006, 1.1549662E-001,-8.9929627E-005, 2.4286460E-004, 9.0000000E-001
 5.3916834E+001,-4.8606431E-003, 8.9321422E-006, 1.1529495E-001, 1.2832759E-004, 3.7658096E-004, 9.0000000E-001
 5.4074948E+001,-4.8495965E-003, 8.9303046E-006, 1.1515770E-001, 3.0167084E-004, 4.7966421E-004, 9.0000000E-001
 5.4391176E+001,-4.8388592E-003, 8.9277347E-006, 1.1503723E-001, 4.8270915E-004, 5.8387224E-004, 9.0000000E-001
 5.4549290E+001,-4.8284934E-003, 8.9245090E-006, 1.1493189E-001, 6.6839402E-004, 6.8770407E-004, 9.0000000E-001
 5.4865517E+001,-4.8186984E-003, 8.9203822E-006, 1.1484735E-001, 8.5780549E-004, 7.8933258E-004, 9.0000000E-001
 5.5023631E+001,-4.8094567E-003, 8.9154797E-006, 1.1478073E-001, 1.0484129E-003, 8.8773735E-004, 9.0000000E-001
 5.5339859E+001,-4.8010076E-003, 8.9095622E-006, 1.1473783E-001, 1.2381409E-003, 9.8021536E-004, 9.0000000E-001
 5.5497973E+001,-4.7932548E-003, 8.9028137E-006, 1.1471476E-001, 1.4251899E-003, 1.0664112E-003, 9.0000000E-001
 5.5814201E+001,-4.7864036E-003, 8.8950329E-006, 1.1471718E-001, 1.6063518E-003, 1.1428361E-003, 9.0000000E-001
 5.5972315E+001,-4.7802838E-003, 8.8864550E-006, 1.1474035E-001, 1.7807530E-003, 1.2099460E-003, 9.0000000E-001
 5.6288542E+001,-4.7750663E-003, 8.8769524E-006, 1.1478957E-001, 1.9441502E-003, 1.2636388E-003, 9.0000000E-001
 5.6446656E+001,-4.7705397E-003, 8.8667917E-006, 1.1485946E-001, 2.0967369E-003, 1.3052822E-003, 9.0000000E-001
 5.6762884E+001,-4.7668068E-003, 8.8559420E-006, 1.1495463E-001, 2.2333929E-003, 1.3304122E-003, 9.0000000E-001
 5.6920998E+001,-4.7636504E-003, 8.8446688E-006, 1.1506935E-001, 2.3554630E-003, 1.3413345E-003, 9.0000000E-001
 5.7237226E+001,-4.7611120E-003, 8.8330523E-006, 1.1520725E-001, 2.4571726E-003, 1.3335224E-003, 9.0000000E-001
 5.7395340E+001,-4.7589881E-003, 8.8213251E-006, 1.1536247E-001, 2.5410386E-003, 1.3101488E-003, 9.0000000E-001
 5.7711567E+001,-4.7572480E-003, 8.8096794E-006, 1.1553742E-001, 2.6009037E-003, 1.2669286E-003, 9.0000000E-001
 5.7869681E+001,-4.7557364E-003, 8.7982826E-006, 1.1572636E-001, 2.6404207E-003, 1.2077761E-003, 9.0000000E-001
 5.8185909E+001,-4.7543830E-003, 8.7874314E-006, 1.1593025E-001, 2.6534188E-003, 1.1290328E-003, 9.0000000E-001
 5.8344023E+001,-4.7530920E-003, 8.7772044E-006, 1.1614386E-001, 2.6446101E-003, 1.0351519E-003, 9.0000000E-001
 5.8660251E+001,-4.7517620E-003, 8.7679856E-006, 1.1636652E-001, 2.6082297E-003, 9.2341222E-004, 9.0000000E-001
 5.8818364E+001,-4.7503509E-003, 8.7597461E-006, 1.1659379E-001, 2.5498571E-003, 7.9850771E-004, 9.0000000E-001
 5.9134592E+001,-4.7487958E-003, 8.7529252E-006, 1.1682334E-001, 2.4645401E-003, 6.5892325E-004, 9.0000000E-001
 5.9292706E+001,-4.7470999E-003, 8.7473735E-006, 1.1705182E-001, 2.3584324E-003, 5.0926117E-004, 9.0000000E-001
 5.9608934E+001,-4.7452126E-003, 8.7435393E-006, 1.1727527E-001, 2.2277565E-003, 3.4940662E-004, 9.0000000E-001
 5.9767048E+001,-4.7431730E-003, 8.7411538E-006, 1.1749173E-001, 2.0788791E-003, 1.8352228E-004, 9.0000000E-001
 6.0083276E+001,-4.7409760E-003, 8.7406239E-006, 1.1769582E-001, 1.9094975E-003, 1.2999011E-005, 9.0000000E-001
 6.0241389E+001,-4.7386896E-003, 8.7415767E-006, 1.1788720E-001, 1.7257920E-003,-1.5878253E-004, 9.0000000E-001
 6.0557617E+001,-4.7363354E-003, 8.7443242E-006, 1.1805941E-001, 1.5271415E-003,-3.2893562E-004, 9.0000000E-001
 6.0873845E+001,-4.7332009E-003, 8.7501974E-006, 1.1825881E-001, 1.2474274E-003,-5.4854660E-004, 9.0000000E-001
 6.1031959E+001,-4.7309067E-003, 8.7560820E-006, 1.1838310E-001, 1.0300217E-003,-7.0452862E-004, 9.0000000E-001
 6.1348187E+001,-4.7287314E-003, 8.7631722E-006, 1.1847963E-001, 8.0930770E-004,-8.4802456E-004, 9.0000000E-001
 6.1506300E+001,-4.7266881E-003, 8.7709981E-006, 1.1855263E-001, 5.8899434E-004,-9.7905266E-004, 9.0000000E-001
 6.1822528E+001,-4.7248131E-003, 8.7794192E-006, 1.1859515E-001, 3.7302582E-004,-1.0915916E-003, 9.0000000E-001
 6.1980642E+001,-4.7231116E-003, 8.7880389E-006, 1.1861285E-001, 1.6357951E-004,-1.1871921E-003, 9.0000000E-001
 6.2296870E+001,-4.7216208E-003, 8.7965477E-006, 1.1859963E-001,-3.4024405E-005,-1.2592419E-003, 9.0000000E-001
 6.2454984E+001,-4.7203052E-003, 8.8046828E-006, 1.1856219E-001,-2.1933884E-004,-1.3107972E-003, 9.0000000E-001
 6.2771212E+001,-4.7191866E-003, 8.8120132E-006, 1.1849580E-001,-3.8603904E-004,-1.3350639E-003, 9.0000000E-001
 6.2929325E+001,-4.7182171E-003, 8.8184559E-006, 1.1840773E-001,-5.3547942E-004,-1.3364689E-003, 9.0000000E-001
 6.3245553E+001,-4.7174042E-003, 8.8235346E-006, 1.1829505E-001,-6.6077617E-004,-1.3084780E-003, 9.0000000E-001
 6.3403667E+001,-4.7166886E-003, 8.8273617E-006, 1.1816501E-001,-7.6501219E-004,-1.2566609E-003, 9.0000000E-001
 6.3719895E+001,-4.7160561E-003, 8.8294916E-006, 1.1801670E-001,-8.4122414E-004,-1.1751856E-003, 9.0000000E-001
 6.3878009E+001,-4.7154403E-003, 8.8302092E-006, 1.1785677E-001,-8.9402339E-004,-1.0704490E-003, 9.0000000E-001
 6.4194237E+001,-4.7148322E-003, 8.8291673E-006, 1.1768639E-001,-9.1686595E-004,-9.3774746E-004, 9.0000000E-001
 6.4352350E+001,-4.7141943E-003, 8.8267723E-006, 1.1751105E-001,-9.1558832E-004,-7.8393376E-004, 9.0000000E-001
 6.4668578E+001,-4.7134863E-003, 8.8228169E-006, 1.1733390E-001,-8.8453788E-004,-6.0582154E-004, 9.0000000E-001
 6.4826692E+001,-4.7127003E-003, 8.8177525E-006, 1.1715885E-001,-8.3036411E-004,-4.1029066E-004, 9.0000000E-001
 6.5142920E+001,-4.7118042E-003, 8.8115110E-006, 1.1699078E-001,-7.4869537E-004,-1.9597575E-004, 9.0000000E-001
 6.5301034E+001,-4.7108107E-003, 8.8045083E-006, 1.1683169E-001,-6.4651571E-004, 3.0678051E-005, 9.0000000E-001
 6.5617261E+001,-4.7097005E-003, 8.7967849E-006, 1.1668784E-001,-5.2102533E-004, 2.6902079E-004, 9.0000000E-001
 6.5775375E+001,-4.7085158E-003, 8.7886631E-006, 1.1655918E-001,-3.7904596E-004, 5.1350533E-004, 9.0000000E-001
 6.6091603E+001,-4.7072514E-003, 8.7802444E-006, 1.1645286E-001,-2.1952608E-004, 7.6140492E-004, 9.0000000E-001
 6.6249717E+001,-4.7059498E-003, 8.7717253E-006, 1.1636678E-001,-4.8648959E-005, 1.0085044E-003, 9.0000000E-001
 6.6565945E+001,-4.7046154E-003, 8.7632108E-006, 1.1630844E-001, 1.3283358E-004, 1.2500991E-003, 9.0000000E-001
 6.6724059E+001,-4.7032830E-003, 8.7547717E-006, 1.1627384E-001, 3.1980309E-004, 1.4836856E-003, 9.0000000E-001
 6.7040286E+001,-4.7019611E-003, 8.7464665E-006, 1.1627027E-001, 5.0977886E-004, 1.7028436E-003, 9.0000000E-001
 6.7356514E+001,-4.7002372E-003, 8.7355568E-006, 1.1630799E-001, 7.6105588E-004, 1.9692314E-003, 9.0000000E-001
 6.7514628E+001,-4.6989954E-003, 8.7274420E-006, 1.1636824E-001, 9.4416360E-004, 2.1456947E-003, 9.0000000E-001
 6.7830856E+001,-4.6977968E-003, 8.7192830E-006, 1.1645982E-001, 1.1175943E-003, 2.2946364E-003, 9.0000000E-001
 6.7988970E+001,-4.6966223E-003, 8.7109846E-006, 1.1657554E-001, 1.2804685E-003, 2.4190395E-003, 9.0000000E-001
 6.8305197E+001,-4.6954517E-003, 8.7023534E-006, 1.1671968E-001, 1.4268901E-003, 2.5101402E-003, 9.0000000E-001
 6.8463311E+001,-4.6942644E-003, 8.6933143E-006, 1.1688478E-001, 1.5577698E-003, 2.5729038E-003, 9.0000000E-001
 6.8779539E+001,-4.6930202E-003, 8.6835743E-006, 1.1707328E-001, 1.6666256E-003, 2.5987569E-003, 9.0000000E-001
 6.8937653E+001,-4.6917032E-003, 8.6731164E-006, 1.1727798E-001, 1.7560849E-003, 2.5943558E-003, 9.0000000E-001
 6.9253881E+001,-4.6902526E-003, 8.6615660E-006, 1.1749931E-001, 1.8195474E-003, 2.5519181E-003, 9.0000000E-001
 6.9411995E+001,-4.6886736E-003, 8.6489932E-006, 1.1773085E-001, 1.8611648E-003, 2.4793648E-003, 9.0000000E-001
 6.9728222E+001,-4.6868989E-003, 8.6349739E-006, 1.1797098E-001, 1.8746968E-003, 2.3702520E-003, 9.0000000E-001
 6.9886336E+001,-4.6849316E-003, 8.6196787E-006, 1.1821451E-001, 1.8655199E-003, 2.2332309E-003, 9.0000000E-001
 7.0202564E+001,-4.6827463E-003, 8.6026682E-006, 1.1845784E-001, 1.8282113E-003, 2.0636412E-003, 9.0000000E-001
 7.0360678E+001,-4.6803605E-003, 8.5842125E-006, 1.1869742E-001, 1.7689901E-003, 1.8702685E-003, 9.0000000E-001
 7.0676906E+001,-4.6777271E-003, 8.5638955E-006, 1.1892788E-001, 1.6836658E-003, 1.6505498E-003, 9.0000000E-001
 7.0835020E+001,-4.6749067E-003, 8.5420746E-006, 1.1914758E-001, 1.5788592E-003, 1.4127947E-003, 9.0000000E-001
 7.1151247E+001,-4.6718633E-003, 8.5183993E-006, 1.1934975E-001, 1.4519505E-003, 1.1566992E-003, 9.0000000E-001
 7.1309361E+001,-4.6686654E-003, 8.4932945E-006, 1.1953481E-001, 1.3094849E-003, 8.8952117E-004, 9.0000000E-001
 7.1625589E+001,-4.6652936E-003, 8.4665196E-006, 1.1969502E-001, 1.1506465E-003, 6.1321410E-004, 9.0000000E-001
 7.1783703E+001,-4.6618308E-003, 8.4385363E-006, 1.1983288E-001, 9.8142161E-004, 3.3348670E-004, 9.0000000E-001
 7.2099931E+001,-4.6582860E-003, 8.4092483E-006, 1.1994023E-001, 8.0290268E-004, 5.4395346E-005, 9.0000000E-001
 7.2258045E+001,-4.6547027E-003, 8.3791112E-006, 1.2002149E-001, 6.2006080E-004,-2.2028264E-004, 9.0000000E-001
 7.2574272E+001,-4.6510934E-003, 8.3481940E-006, 1.2006867E-001, 4.3586157E-004,-4.8468985E-004, 9.0000000E-001
 7.2732386E+001,-4.6474892E-003, 8.3169004E-006, 1.2008787E-001, 2.5386877E-004,-7.3722644E-004, 9.0000000E-001
 7.3048614E+001,-4.6439178E-003, 8.2854717E-006, 1.2007184E-001, 7.8749405E-005,-9.7065149E-004, 9.0000000E-001
 7.3206728E+001,-4.6403763E-003, 8.2542162E-006, 1.2002793E-001,-8.7635815E-005,-1.1856279E-003, 9.0000000E-001
 7.3522956E+001,-4.6368743E-003, 8.2235401E-006, 1.1995023E-001,-2.3922314E-004,-1.3740329E-003, 9.0000000E-001
 7.3681069E+001,-4.6333890E-003, 8.1936197E-006, 1.1984682E-001,-3.7603980E-004,-1.5387234E-003, 9.0000000E-001
 7.3997297E+001,-4.6299151E-003, 8.1650036E-006, 1.1971358E-001,-4.9105040E-004,-1.6712559E-003, 9.0000000E-001
 7.4313525E+001,-4.6252641E-003, 8.1291249E-006, 1.1950067E-001,-6.1074651E-004,-1.8021199E-003, 9.0000000E-001
 7.4471639E+001,-4.6217318E-003, 8.1042458E-006, 1.1931799E-001,-6.7280154E-004,-1.8646148E-003, 9.0000000E-001
 7.4787867E+001,-4.6181215E-003, 8.0817386E-006, 1.1911685E-001,-7.0485976E-004,-1.8907503E-003, 9.0000000E-001
 7.4945981E+001,-4.6144185E-003, 8.0613359E-006, 1.1890434E-001,-7.1181328E-004,-1.8878531E-003, 9.0000000E-001
 7.5262208E+001,-4.6105913E-003, 8.0437834E-006, 1.1868216E-001,-6.8661080E-004,-1.8494095E-003, 9.0000000E-001
 7.5420322E+001,-4.6066414E-003, 8.0286569E-006, 1.1845599E-001,-6.3550601E-004,-1.7835912E-003, 9.0000000E-001
 7.5736550E+001,-4.6025125E-003, 8.0167018E-006, 1.1822961E-001,-5.5244446E-004,-1.6855319E-003, 9.0000000E-001
 7.5894664E+001,-4.5982481E-003, 8.0073643E-006, 1.1800688E-001,-4.4460407E-004,-1.5636974E-003, 9.0000000E-001
 7.6210892E+001,-4.5938086E-003, 8.0013563E-006, 1.1779341E-001,-3.0740283E-004,-1.4152495E-003, 9.0000000E-001
 7.6369005E+001,-4.5892321E-003, 7.9980274E-006, 1.1759095E-001,-1.4842729E-004,-1.2483680E-003, 9.0000000E-001
 7.6685233E+001,-4.5844915E-003, 7.9980252E-006, 1.1740652E-001, 3.5051455E-005,-1.0624849E-003, 9.0000000E-001
 7.6843347E+001,-4.5796271E-003, 8.0006385E-006, 1.1723967E-001, 2.3559201E-004,-8.6490985E-004, 9.0000000E-001
 7.7159575E+001,-4.5746435E-003, 8.0064270E-006, 1.1709832E-001, 4.5381431E-004,-6.5742220E-004, 9.0000000E-001
 7.7317689E+001,-4.5695956E-003, 8.0146571E-006, 1.1697986E-001, 6.8298354E-004,-4.4592577E-004, 9.0000000E-001
 7.7633917E+001,-4.5644682E-003, 8.0257847E-006, 1.1689255E-001, 9.2150742E-004,-2.3445228E-004, 9.0000000E-001
 7.7792030E+001,-4.5593132E-003, 8.0390864E-006, 1.1683177E-001, 1.1638740E-003,-2.7047778E-005, 9.0000000E-001
 7.8108258E+001,-4.5541350E-003, 8.0549003E-006, 1.1680554E-001, 1.4063212E-003, 1.7027345E-004, 9.0000000E-001
 7.8266372E+001,-4.5489630E-003, 8.0725446E-006, 1.1680759E-001, 1.6449945E-003, 3.5564614E-004, 9.0000000E-001
 7.8582600E+001,-4.5437843E-003, 8.0922352E-006, 1.1684513E-001, 1.8741534E-003, 5.2149226E-004, 9.0000000E-001
 7.8740714E+001,-4.5386193E-003, 8.1133609E-006, 1.1691067E-001, 2.0919259E-003, 6.6829196E-004, 9.0000000E-001
 7.9056942E+001,-4.5334662E-003, 8.1360203E-006, 1.1701005E-001, 2.2909243E-003, 7.8744304E-004, 9.0000000E-001
 7.9215055E+001,-4.5283300E-003, 8.1596967E-006, 1.1713510E-001, 2.4714566E-003, 8.8176910E-004, 9.0000000E-001
 7.9531283E+001,-4.5231930E-003, 8.1843843E-006, 1.1728984E-001, 2.6249488E-003, 9.4228065E-004, 9.0000000E-001
 7.9689397E+001,-4.5180389E-003, 8.2096774E-006, 1.1746595E-001, 2.7539473E-003, 9.7398041E-004, 9.0000000E-001
 8.0005625E+001,-4.5128351E-003, 8.2354821E-006, 1.1766530E-001, 2.8492652E-003, 9.6818467E-004, 9.0000000E-001
 8.0163739E+001,-4.5075896E-003, 8.2615063E-006, 1.1788006E-001, 2.9155951E-003, 9.3173921E-004, 9.0000000E-001
 8.0479966E+001,-4.5022705E-003, 8.2875765E-006, 1.1810973E-001, 2.9437707E-003, 8.5694767E-004, 9.0000000E-001
 8.0796194E+001,-4.4950513E-003, 8.3220550E-006, 1.1842854E-001, 2.9285348E-003, 7.0727392E-004, 9.0000000E-001
 8.0954308E+001,-4.4895146E-003, 8.3474862E-006, 1.1867216E-001, 2.8769666E-003, 5.5909193E-004, 9.0000000E-001
 8.1270536E+001,-4.4838400E-003, 8.3722388E-006, 1.1891438E-001, 2.7854634E-003, 3.7765699E-004, 9.0000000E-001
 8.1428650E+001,-4.4780562E-003, 8.3962743E-006, 1.1915139E-001, 2.6627276E-003, 1.7202900E-004, 9.0000000E-001
 8.1744878E+001,-4.4721140E-003, 8.4191888E-006, 1.1937684E-001, 2.5025537E-003,-6.0160447E-005, 9.0000000E-001
 8.1902991E+001,-4.4660473E-003, 8.4410193E-006, 1.1958910E-001, 2.3141944E-003,-3.1023108E-004, 9.0000000E-001
 8.2219219E+001,-4.4598194E-003, 8.4612476E-006, 1.1978023E-001, 2.0934656E-003,-5.7791791E-004, 9.0000000E-001
 8.2377333E+001,-4.4534605E-003, 8.4799865E-006, 1.1995097E-001, 1.8495562E-003,-8.5560755E-004, 9.0000000E-001
 8.2693561E+001,-4.4469343E-003, 8.4965904E-006, 1.2009237E-001, 1.5806092E-003,-1.1403603E-003, 9.0000000E-001
 8.2851675E+001,-4.4402846E-003, 8.5112596E-006, 1.2020756E-001, 1.2951126E-003,-1.4262579E-003, 9.0000000E-001
 8.3167902E+001,-4.4334816E-003, 8.5232199E-006, 1.2028725E-001, 9.9366801E-004,-1.7078473E-003, 9.0000000E-001
 8.3326016E+001,-4.4265787E-003, 8.5327798E-006, 1.2033681E-001, 6.8346496E-004,-1.9814030E-003, 9.0000000E-001
 8.3642244E+001,-4.4195246E-003, 8.5390547E-006, 1.2034728E-001, 3.6751825E-004,-2.2392995E-003, 9.0000000E-001
 8.3800358E+001,-4.4123782E-003, 8.5424869E-006, 1.2032592E-001, 5.1214801E-005,-2.4803315E-003, 9.0000000E-001
 8.4116586E+001,-4.4051370E-003, 8.5421273E-006, 1.2026482E-001,-2.6023057E-004,-2.6951868E-003, 9.0000000E-001
 8.4274700E+001,-4.3978153E-003, 8.5385736E-006, 1.2017255E-001,-5.6361244E-004,-2.8853185E-003, 9.0000000E-001
 8.4590927E+001,-4.3904051E-003, 8.5308833E-006, 1.2004289E-001,-8.5188657E-004,-3.0403258E-003, 9.0000000E-001
 8.4749041E+001,-4.3829456E-003, 8.5198171E-006, 1.1988512E-001,-1.1242530E-003,-3.1642663E-003, 9.0000000E-001
 8.5065269E+001,-4.3754369E-003, 8.5045292E-006, 1.1969520E-001,-1.3723339E-003,-3.2463129E-003, 9.0000000E-001
 8.5223383E+001,-4.3679089E-003, 8.4859267E-006, 1.1948241E-001,-1.5977862E-003,-3.2928873E-003, 9.0000000E-001
 8.5539611E+001,-4.3603650E-003, 8.4633583E-006, 1.1924525E-001,-1.7914822E-003,-3.2934216E-003, 9.0000000E-001
 8.5697725E+001,-4.3528177E-003, 8.4378314E-006, 1.1899231E-001,-1.9574113E-003,-3.2563105E-003, 9.0000000E-001
 8.6013952E+001,-4.3452989E-003, 8.4089792E-006, 1.1872473E-001,-2.0863196E-003,-3.1719308E-003, 9.0000000E-001
 8.6172066E+001,-4.3378024E-003, 8.3778365E-006, 1.1844975E-001,-2.1842351E-003,-3.0501370E-003, 9.0000000E-001
 8.6488294E+001,-4.3303517E-003, 8.3443892E-006, 1.1817111E-001,-2.2423881E-003,-2.8828848E-003, 9.0000000E-001
 8.6646408E+001,-4.3229549E-003, 8.3096054E-006, 1.1789410E-001,-2.2684086E-003,-2.6808653E-003, 9.0000000E-001
 8.6962636E+001,-4.3156432E-003, 8.2738578E-006, 1.1762485E-001,-2.2545631E-003,-2.4381394E-003, 9.0000000E-001
 8.7120750E+001,-4.3083962E-003, 8.2379429E-006, 1.1736628E-001,-2.2095445E-003,-2.1655455E-003, 9.0000000E-001
 8.7436977E+001,-4.3012358E-003, 8.2026038E-006, 1.1712653E-001,-2.1271169E-003,-1.8596386E-003, 9.0000000E-001
 8.7753205E+001,-4.2918218E-003, 8.1574811E-006, 1.1683997E-001,-1.9707144E-003,-1.4145034E-003, 9.0000000E-001
 8.7911319E+001,-4.2848508E-003, 8.1259063E-006, 1.1665469E-001,-1.8212806E-003,-1.0578298E-003, 9.0000000E-001
 8.8227547E+001,-4.2779648E-003, 8.0974421E-006, 1.1650418E-001,-1.6435100E-003,-6.8484940E-004, 9.0000000E-001
 8.8385661E+001,-4.2711597E-003, 8.0719889E-006, 1.1638459E-001,-1.4460276E-003,-3.0359498E-004, 9.0000000E-001
 8.8701888E+001,-4.2644573E-003, 8.0508599E-006, 1.1630689E-001,-1.2279626E-003, 8.1795227E-005, 9.0000000E-001
 8.8860002E+001,-4.2578304E-003, 8.0335615E-006, 1.1626484E-001,-9.9687377E-004, 4.6544662E-004, 9.0000000E-001
 8.9176230E+001,-4.2513012E-003, 8.0213928E-006, 1.1626927E-001,-7.5400723E-004, 8.4061239E-004, 9.0000000E-001
 8.9334344E+001,-4.2448530E-003, 8.0135085E-006, 1.1631192E-001,-5.0540140E-004, 1.2040146E-003, 9.0000000E-001
 8.9650572E+001,-4.2385160E-003, 8.0110699E-006, 1.1640285E-001,-2.5425701E-004, 1.5467045E-003, 9.0000000E-001
 8.9808686E+001,-4.2322746E-003, 8.0129656E-006, 1.1653227E-001,-4.7536258E-006, 1.8682356E-003, 9.0000000E-001
 9.0124913E+001,-4.2261750E-003, 8.0201219E-006, 1.1670886E-001, 2.3824444E-004, 2.1579857E-003, 9.0000000E-001
 9.0283027E+001,-4.2201887E-003, 8.0312763E-006, 1.1692189E-001, 4.7262644E-004, 2.4183884E-003, 9.0000000E-001
 9.0599255E+001,-4.2143766E-003, 8.0470566E-006, 1.1717815E-001, 6.9226757E-004, 2.6377743E-003, 9.0000000E-001
 9.0757369E+001,-4.2087190E-003, 8.0661754E-006, 1.1746658E-001, 8.9719986E-004, 2.8213341E-003, 9.0000000E-001
 9.1073597E+001,-4.2032797E-003, 8.0889406E-006, 1.1779153E-001, 1.0805494E-003, 2.9570608E-003, 9.0000000E-001
 9.1231710E+001,-4.1980382E-003, 8.1141633E-006, 1.1814226E-001, 1.2444324E-003, 3.0526182E-003, 9.0000000E-001
 9.1547938E+001,-4.1930699E-003, 8.1418484E-006, 1.1852034E-001, 1.3817890E-003, 3.0963914E-003, 9.0000000E-001
 9.1706052E+001,-4.1883394E-003, 8.1710044E-006, 1.1891604E-001, 1.4965863E-003, 3.0980578E-003, 9.0000000E-001
 9.2022280E+001,-4.1839280E-003, 8.2013766E-006, 1.1932805E-001, 1.5821368E-003, 3.0470780E-003, 9.0000000E-001
 9.2180394E+001,-4.1797950E-003, 8.2322356E-006, 1.1974833E-001, 1.6439041E-003, 2.9545577E-003, 9.0000000E-001
 9.2496622E+001,-4.1760187E-003, 8.2631255E-006, 1.2017277E-001, 1.6761134E-003, 2.8116622E-003, 9.0000000E-001
 9.2654735E+001,-4.1725325E-003, 8.2936067E-006, 1.2059555E-001, 1.6852656E-003, 2.6302725E-003, 9.0000000E-001
 9.2970963E+001,-4.1694111E-003, 8.3230849E-006, 1.2101003E-001, 1.6669593E-003, 2.4037981E-003, 9.0000000E-001
 9.3129077E+001,-4.1665966E-003, 8.3514056E-006, 1.2141299E-001, 1.6281900E-003, 2.1441919E-003, 9.0000000E-001
 9.3445305E+001,-4.1641420E-003, 8.3778944E-006, 1.2179568E-001, 1.5662658E-003, 1.8475119E-003, 9.0000000E-001
 9.3603419E+001,-4.1619708E-003, 8.4026513E-006, 1.2215767E-001, 1.4880974E-003, 1.5250707E-003, 9.0000000E-001
 9.3919647E+001,-4.1601463E-003, 8.4249681E-006, 1.2248864E-001, 1.3928906E-003, 1.1758436E-003, 9.0000000E-001
 9.4235874E+001,-4.1581661E-003, 8.4511285E-006, 1.2288128E-001, 1.2488323E-003, 6.8364773E-004, 9.0000000E-001
 9.4393988E+001,-4.1570074E-003, 8.4678840E-006, 1.2313520E-001, 1.1318096E-003, 3.0084459E-004, 9.0000000E-001
 9.4710216E+001,-4.1561697E-003, 8.4816328E-006, 1.2334459E-001, 1.0104933E-003,-8.8024799E-005, 9.0000000E-001
 9.4868330E+001,-4.1555821E-003, 8.4929114E-006, 1.2351625E-001, 8.8899972E-004,-4.7645260E-004, 9.0000000E-001
 9.5184558E+001,-4.1553001E-003, 8.5010568E-006, 1.2363898E-001, 7.7129670E-004,-8.5773507E-004, 9.0000000E-001
 9.5342671E+001,-4.1552585E-003, 8.5066821E-006, 1.2372174E-001, 6.5972457E-004,-1.2281283E-003, 9.0000000E-001
 9.5658899E+001,-4.1555422E-003, 8.5091692E-006, 1.2375443E-001, 5.5943706E-004,-1.5787069E-003, 9.0000000E-001
 9.5817013E+001,-4.1560475E-003, 8.5091738E-006, 1.2374759E-001, 4.7083696E-004,-1.9087347E-003, 9.0000000E-001
 9.6133241E+001,-4.1568623E-003, 8.5061357E-006, 1.2369288E-001, 3.9975415E-004,-2.2076796E-003, 9.0000000E-001
 9.6291355E+001,-4.1579157E-003, 8.5007291E-006, 1.2360169E-001, 3.4467167E-004,-2.4778458E-003, 9.0000000E-001
 9.6607583E+001,-4.1593022E-003, 8.4924677E-006, 1.2346796E-001, 3.1152912E-004,-2.7078101E-003, 9.0000000E-001
 9.6765696E+001,-4.1609497E-003, 8.4820239E-006, 1.2330316E-001, 2.9707723E-004,-2.9027471E-003, 9.0000000E-001
 9.7081924E+001,-4.1629049E-003, 8.4690023E-006, 1.2310386E-001, 3.0678951E-004,-3.0511215E-003, 9.0000000E-001
 9.7240038E+001,-4.1651210E-003, 8.4540555E-006, 1.2288087E-001, 3.3602467E-004,-3.1606224E-003, 9.0000000E-001
 9.7556266E+001,-4.1676610E-003, 8.4368964E-006, 1.2263360E-001, 3.8925830E-004,-3.2203934E-003, 9.0000000E-001
 9.7714380E+001,-4.1704442E-003, 8.4181385E-006, 1.2237140E-001, 4.6092365E-004,-3.2401073E-003, 9.0000000E-001
 9.8030607E+001,-4.1735613E-003, 8.3976160E-006, 1.2209644E-001, 5.5406325E-004,-3.2103206E-003, 9.0000000E-001
 9.8188721E+001,-4.1768938E-003, 8.3758817E-006, 1.2181605E-001, 6.6273182E-004,-3.1420186E-003, 9.0000000E-001
 9.8504949E+001,-4.1804885E-003, 8.3528965E-006, 1.2153482E-001, 7.8822915E-004,-3.0277970E-003, 9.0000000E-001
 9.8663063E+001,-4.1843097E-003, 8.3291294E-006, 1.2125759E-001, 9.2480080E-004,-2.8791960E-003, 9.0000000E-001
 9.8979291E+001,-4.1883557E-003, 8.3046635E-006, 1.2099098E-001, 1.0718354E-003,-2.6913283E-003, 9.0000000E-001
 9.9137405E+001,-4.1925679E-003, 8.2798621E-006, 1.2073710E-001, 1.2243122E-003,-2.4754957E-003, 9.0000000E-001
 9.9453632E+001,-4.1969524E-003, 8.2549149E-006, 1.2050402E-001, 1.3796915E-003,-2.2296192E-003, 9.0000000E-001
 9.9611746E+001,-4.2014639E-003, 8.2300627E-006, 1.2029112E-001, 1.5341635E-003,-1.9639907E-003, 9.0000000E-001
 9.9927974E+001,-4.2061127E-003, 8.2055776E-006, 1.2010729E-001, 1.6833988E-003,-1.6794248E-003, 9.0000000E-001
 1.0008609E+002,-4.2108342E-003, 8.1815709E-006, 1.1994932E-001, 1.8251797E-003,-1.3845116E-003, 9.0000000E-001
 1.0040232E+002,-4.2156408E-003, 8.1583691E-006, 1.1982628E-001, 1.9536771E-003,-1.0828369E-003, 9.0000000E-001
 1.0056043E+002,-4.2204910E-003, 8.1359580E-006, 1.1973275E-001, 2.0685186E-003,-7.8072769E-004, 9.0000000E-001
 1.0087666E+002,-4.2253780E-003, 8.1146915E-006, 1.1967732E-001, 2.1627918E-003,-4.8422536E-004, 9.0000000E-001
 1.0119289E+002,-4.2319103E-003, 8.0880621E-006, 1.1965493E-001, 2.2562104E-003,-1.0562308E-004, 9.0000000E-001
 1.0135100E+002,-4.2368105E-003, 8.0694855E-006, 1.1967651E-001, 2.2993971E-003, 1.6013794E-004, 9.0000000E-001
 1.0166723E+002,-4.2417051E-003, 8.0523926E-006, 1.1973528E-001, 2.3132098E-003, 4.0163080E-004, 9.0000000E-001
 1.0182534E+002,-4.2465713E-003, 8.0365290E-006, 1.1982242E-001, 2.3022803E-003, 6.1996637E-004, 9.0000000E-001
 1.0214157E+002,-4.2513837E-003, 8.0222348E-006, 1.1994266E-001, 2.2595051E-003, 8.0530808E-004, 9.0000000E-001
 1.0229968E+002,-4.2561585E-003, 8.0092105E-006, 1.2008704E-001, 2.1909867E-003, 9.6151299E-004, 9.0000000E-001
 1.0261591E+002,-4.2608453E-003, 7.9977769E-006, 1.2025808E-001, 2.0906420E-003, 1.0786395E-003, 9.0000000E-001
 1.0277402E+002,-4.2654677E-003, 7.9876093E-006, 1.2044731E-001, 1.9656034E-003, 1.1629476E-003, 9.0000000E-001
 1.0309025E+002,-4.2699809E-003, 7.9790036E-006, 1.2065493E-001, 1.8113444E-003, 1.2051292E-003, 9.0000000E-001
 1.0324837E+002,-4.2744053E-003, 7.9716223E-006, 1.2087354E-001, 1.6354962E-003, 1.2133230E-003, 9.0000000E-001
 1.0356459E+002,-4.2787104E-003, 7.9657268E-006, 1.2110100E-001, 1.4355348E-003, 1.1795187E-003, 9.0000000E-001
 1.0372271E+002,-4.2828800E-003, 7.9609736E-006, 1.2133153E-001, 1.2189975E-003, 1.1130822E-003, 9.0000000E-001
 1.0403894E+002,-4.2868672E-003, 7.9575724E-006, 1.2156084E-001, 9.8566737E-004, 1.0078499E-003, 9.0000000E-001
 1.0419705E+002,-4.2907128E-003, 7.9551774E-006, 1.2178518E-001, 7.4236844E-004, 8.7369095E-004, 9.0000000E-001
 1.0451328E+002,-4.2943547E-003, 7.9539227E-006, 1.2199850E-001, 4.9131937E-004, 7.0668073E-004, 9.0000000E-001
 1.0467139E+002,-4.2978269E-003, 7.9534686E-006, 1.2219934E-001, 2.3804012E-004, 5.1645125E-004, 9.0000000E-001
 1.0498762E+002,-4.3010603E-003, 7.9538498E-006, 1.2238035E-001,-1.2876234E-005, 3.0153469E-004, 9.0000000E-001
 1.0514573E+002,-4.3040924E-003, 7.9547487E-006, 1.2254244E-001,-2.5772291E-004, 7.0630469E-005, 9.0000000E-001
 1.0546196E+002,-4.3068710E-003, 7.9560826E-006, 1.2267756E-001,-4.8978169E-004,-1.7523615E-004, 9.0000000E-001
 1.0562007E+002,-4.3094404E-003, 7.9575798E-006, 1.2278888E-001,-7.0754267E-004,-4.2890190E-004, 9.0000000E-001
 1.0593630E+002,-4.3117163E-003, 7.9590345E-006, 1.2286830E-001,-9.0259331E-004,-6.8698634E-004, 9.0000000E-001
 1.0609442E+002,-4.3137655E-003, 7.9602514E-006, 1.2292095E-001,-1.0758580E-003,-9.4433082E-004, 9.0000000E-001
 1.0641064E+002,-4.3155295E-003, 7.9609153E-006, 1.2293929E-001,-1.2178387E-003,-1.1954910E-003, 9.0000000E-001
 1.0656876E+002,-4.3170489E-003, 7.9609380E-006, 1.2293002E-001,-1.3319487E-003,-1.4376234E-003, 9.0000000E-001
 1.0688498E+002,-4.3182821E-003, 7.9599286E-006, 1.2288675E-001,-1.4083186E-003,-1.6636450E-003, 9.0000000E-001
 1.0704310E+002,-4.3192776E-003, 7.9579292E-006, 1.2281719E-001,-1.4526812E-003,-1.8731710E-003, 9.0000000E-001
 1.0735933E+002,-4.3199651E-003, 7.9545255E-006, 1.2271656E-001,-1.4555441E-003,-2.0580122E-003, 9.0000000E-001
 1.0767555E+002,-4.3204902E-003, 7.9479338E-006, 1.2254476E-001,-1.4029863E-003,-2.2660461E-003, 9.0000000E-001
 1.0783367E+002,-4.3205863E-003, 7.9413920E-006, 1.2239071E-001,-1.3214588E-003,-2.3903021E-003, 9.0000000E-001
 1.0814990E+002,-4.3203824E-003, 7.9332615E-006, 1.2221555E-001,-1.1990098E-003,-2.4800922E-003, 9.0000000E-001
 1.0830801E+002,-4.3199375E-003, 7.9239226E-006, 1.2202665E-001,-1.0453038E-003,-2.5410040E-003, 9.0000000E-001
 1.0862424E+002,-4.3191991E-003, 7.9132231E-006, 1.2182482E-001,-8.5517423E-004,-2.5648892E-003, 9.0000000E-001
 1.0878235E+002,-4.3182238E-003, 7.9016041E-006, 1.2161619E-001,-6.3854950E-004,-2.5589089E-003, 9.0000000E-001
 1.0909858E+002,-4.3169573E-003, 7.8891112E-006, 1.2140367E-001,-3.9279971E-004,-2.5159977E-003, 9.0000000E-001
 1.0925669E+002,-4.3154643E-003, 7.8761796E-006, 1.2119170E-001,-1.2737633E-004,-2.4443445E-003, 9.0000000E-001
 1.0957292E+002,-4.3136807E-003, 7.8630712E-006, 1.2098499E-001, 1.5757667E-004,-2.3384262E-003, 9.0000000E-001
 1.0973103E+002,-4.3116717E-003, 7.8501420E-006, 1.2078600E-001, 4.5380102E-004,-2.2068584E-003, 9.0000000E-001
 1.1004726E+002,-4.3093928E-003, 7.8378561E-006, 1.2060086E-001, 7.5834570E-004,-2.0459976E-003, 9.0000000E-001
 1.1020538E+002,-4.3069131E-003, 7.8264222E-006, 1.2042990E-001, 1.0647775E-003,-1.8642708E-003, 9.0000000E-001
 1.1052160E+002,-4.3041966E-003, 7.8164606E-006, 1.2028018E-001, 1.3675012E-003,-1.6601098E-003, 9.0000000E-001
 1.1067972E+002,-4.3012985E-003, 7.8079807E-006, 1.2014992E-001, 1.6624131E-003,-1.4411746E-003, 9.0000000E-001
 1.1099595E+002,-4.2982029E-003, 7.8016855E-006, 1.2004658E-001, 1.9416306E-003,-1.2080227E-003, 9.0000000E-001
 1.1115406E+002,-4.2949605E-003, 7.7973607E-006, 1.1996643E-001, 2.2037168E-003,-9.6703752E-004, 9.0000000E-001
 1.1147029E+002,-4.2915471E-003, 7.7957033E-006, 1.1991680E-001, 2.4390205E-003,-7.2079727E-004, 9.0000000E-001
 1.1162840E+002,-4.2880230E-003, 7.7962844E-006, 1.1989237E-001, 2.6489226E-003,-4.7399886E-004, 9.0000000E-001
 1.1194463E+002,-4.2843715E-003, 7.7997049E-006, 1.1989978E-001, 2.8226566E-003,-2.3099826E-004, 9.0000000E-001
 1.1210274E+002,-4.2806303E-003, 7.8053640E-006, 1.1993253E-001, 2.9643711E-003, 5.4692976E-006, 9.0000000E-001
 1.1241897E+002,-4.2768019E-003, 7.8136881E-006, 1.1999617E-001, 3.0629181E-003, 2.2962627E-004, 9.0000000E-001
 1.1257708E+002,-4.2728985E-003, 7.8239752E-006, 1.2008349E-001, 3.1249587E-003, 4.4082794E-004, 9.0000000E-001
 1.1289331E+002,-4.2689342E-003, 7.8364237E-006, 1.2019856E-001, 3.1397212E-003, 6.3231619E-004, 9.0000000E-001
 1.1305143E+002,-4.2649234E-003, 7.8503182E-006, 1.2033399E-001, 3.1159425E-003, 8.0551419E-004, 9.0000000E-001
 1.1336765E+002,-4.2608598E-003, 7.8656092E-006, 1.2049213E-001, 3.0439594E-003, 9.5317141E-004, 9.0000000E-001
 1.1352577E+002,-4.2567546E-003, 7.8816590E-006, 1.2066594E-001, 2.9340025E-003, 1.0786111E-003, 9.0000000E-001
 1.1384200E+002,-4.2525945E-003, 7.8981821E-006, 1.2085589E-001, 2.7781782E-003, 1.1745883E-003, 9.0000000E-001
 1.1400011E+002,-4.2483783E-003, 7.9146969E-006, 1.2105581E-001, 2.5875275E-003, 1.2460397E-003, 9.0000000E-001
 1.1431634E+002,-4.2441031E-003, 7.9307240E-006, 1.2126432E-001, 2.3564782E-003, 1.2862268E-003, 9.0000000E-001
 1.1463257E+002,-4.2382916E-003, 7.9507360E-006, 1.2154758E-001, 2.0005707E-003, 1.2981051E-003, 9.0000000E-001
 1.1479068E+002,-4.2338507E-003, 7.9643085E-006, 1.2175997E-001, 1.7022981E-003, 1.2763114E-003, 9.0000000E-001
 1.1510691E+002,-4.2293074E-003, 7.9760128E-006, 1.2196772E-001, 1.3786511E-003, 1.2251523E-003, 9.0000000E-001
 1.1526502E+002,-4.2246784E-003, 7.9859724E-006, 1.2216872E-001, 1.0391827E-003, 1.1518515E-003, 9.0000000E-001
 1.1558125E+002,-4.2199352E-003, 7.9935030E-006, 1.2235773E-001, 6.8590807E-004, 1.0530633E-003, 9.0000000E-001
 1.1573936E+002,-4.2151053E-003, 7.9989388E-006, 1.2253449E-001, 3.2655260E-004, 9.3595551E-004, 9.0000000E-001
 1.1605559E+002,-4.2101521E-003, 8.0016346E-006, 1.2269299E-001,-3.4038905E-005, 7.9893613E-004, 9.0000000E-001
 1.1621370E+002,-4.2050918E-003, 8.0020874E-006, 1.2283480E-001,-3.9050001E-004, 6.4861831E-004, 9.0000000E-001
 1.1652993E+002,-4.1999239E-003, 7.9997346E-006, 1.2295362E-001,-7.3549213E-004, 4.8524595E-004, 9.0000000E-001
 1.1668805E+002,-4.1946646E-003, 7.9951752E-006, 1.2305269E-001,-1.0664177E-003, 3.1443115E-004, 9.0000000E-001
 1.1700427E+002,-4.1893061E-003, 7.9879533E-006, 1.2312590E-001,-1.3739787E-003, 1.3819911E-004, 9.0000000E-001
 1.1716239E+002,-4.1838666E-003, 7.9787066E-006, 1.2317788E-001,-1.6585292E-003,-3.9217632E-005, 9.0000000E-001
 1.1747862E+002,-4.1783643E-003, 7.9670921E-006, 1.2320317E-001,-1.9094495E-003,-2.1419890E-004, 9.0000000E-001
 1.1763673E+002,-4.1728210E-003, 7.9537306E-006, 1.2320737E-001,-2.1300035E-003,-3.8416762E-004, 9.0000000E-001
 1.1795296E+002,-4.1672204E-003, 7.9383849E-006, 1.2318605E-001,-2.3089609E-003,-5.4421627E-004, 9.0000000E-001
 1.1811107E+002,-4.1615931E-003, 7.9216174E-006, 1.2314535E-001,-2.4522536E-003,-6.9358000E-004, 9.0000000E-001
 1.1842730E+002,-4.1559574E-003, 7.9032823E-006, 1.2308216E-001,-2.5487739E-003,-8.2646836E-004, 9.0000000E-001
 1.1858541E+002,-4.1503292E-003, 7.8838587E-006, 1.2300266E-001,-2.6066981E-003,-9.4394513E-004, 9.0000000E-001
 1.1890164E+002,-4.1447054E-003, 7.8632762E-006, 1.2290523E-001,-2.6157397E-003,-1.0397984E-003, 9.0000000E-001
 1.1905975E+002,-4.1391083E-003, 7.8419220E-006, 1.2279564E-001,-2.5857484E-003,-1.1167976E-003, 9.0000000E-001
 1.1937598E+002,-4.1335662E-003, 7.8197897E-006, 1.2267381E-001,-2.5078739E-003,-1.1687942E-003, 9.0000000E-001
 1.1953410E+002,-4.1280717E-003, 7.7971782E-006, 1.2254470E-001,-2.3929706E-003,-1.2000137E-003, 9.0000000E-001
 1.1985032E+002,-4.1226108E-003, 7.7741408E-006, 1.2240971E-001,-2.2341245E-003,-1.2048392E-003, 9.0000000E-001
 1.2000844E+002,-4.1172089E-003, 7.7508978E-006, 1.2227263E-001,-2.0424868E-003,-1.1885967E-003, 9.0000000E-001
 1.2032466E+002,-4.1118829E-003, 7.7275656E-006, 1.2213621E-001,-1.8134489E-003,-1.1466231E-003, 9.0000000E-001
 1.2048278E+002,-4.1066218E-003, 7.7042971E-006, 1.2200283E-001,-1.5577586E-003,-1.0849179E-003, 9.0000000E-001
 1.2079901E+002,-4.1014543E-003, 7.6812806E-006, 1.2187629E-001,-1.2733264E-003,-1.0001163E-003, 9.0000000E-001
 1.2111523E+002,-4.0946807E-003, 7.6512055E-006, 1.2172108E-001,-8.6349070E-004,-8.5940247E-004, 9.0000000E-001
 1.2127335E+002,-4.0896953E-003, 7.6292953E-006, 1.2161734E-001,-5.3844693E-004,-7.3556536E-004, 9.0000000E-001
 1.2158958E+002,-4.0848114E-003, 7.6082574E-006, 1.2152890E-001,-2.0213637E-004,-5.9666223E-004, 9.0000000E-001
 1.2174769E+002,-4.0800130E-003, 7.5880790E-006, 1.2145421E-001, 1.3870632E-004,-4.4814569E-004, 9.0000000E-001
 1.2206392E+002,-4.0753226E-003, 7.5691830E-006, 1.2139819E-001, 4.7960122E-004,-2.9085930E-004, 9.0000000E-001
 1.2222203E+002,-4.0707011E-003, 7.5514815E-006, 1.2135802E-001, 8.1610591E-004,-1.2924209E-004, 9.0000000E-001
 1.2253826E+002,-4.0661750E-003, 7.5354843E-006, 1.2133838E-001, 1.1417602E-003, 3.4380122E-005, 9.0000000E-001
 1.2269637E+002,-4.0617315E-003, 7.5210165E-006, 1.2133542E-001, 1.4546315E-003, 1.9689366E-004, 9.0000000E-001
 1.2301260E+002,-4.0573959E-003, 7.5086592E-006, 1.2135325E-001, 1.7467469E-003, 3.5472107E-004, 9.0000000E-001
 1.2317071E+002,-4.0531271E-003, 7.4981400E-006, 1.2138734E-001, 2.0187349E-003, 5.0626985E-004, 9.0000000E-001
 1.2348694E+002,-4.0489225E-003, 7.4900870E-006, 1.2144092E-001, 2.2616545E-003, 6.4702823E-004, 9.0000000E-001
 1.2364506E+002,-4.0448099E-003, 7.4841251E-006, 1.2150916E-001, 2.4785788E-003, 7.7699438E-004, 9.0000000E-001
 1.2396128E+002,-4.0407395E-003, 7.4808967E-006, 1.2159421E-001, 2.6601847E-003, 8.9109694E-004, 9.0000000E-001
 1.2411940E+002,-4.0367383E-003, 7.4799282E-006, 1.2169129E-001, 2.8117248E-003, 9.9086883E-004, 9.0000000E-001
 1.2443563E+002,-4.0328136E-003, 7.4818399E-006, 1.2180135E-001, 2.9240887E-003, 1.0710824E-003, 9.0000000E-001
 1.2459374E+002,-4.0289419E-003, 7.4860736E-006, 1.2192000E-001, 3.0043187E-003, 1.1346350E-003, 9.0000000E-001
 1.2490997E+002,-4.0251267E-003, 7.4931918E-006, 1.2204700E-001, 3.0440886E-003, 1.1765388E-003, 9.0000000E-001
 1.2506808E+002,-4.0213482E-003, 7.5025748E-006, 1.2217866E-001, 3.0517426E-003, 1.2007805E-003, 9.0000000E-001
 1.2538431E+002,-4.0176074E-003, 7.5146940E-006, 1.2231357E-001, 3.0202481E-003, 1.2029600E-003, 9.0000000E-001
 1.2554242E+002,-4.0139126E-003, 7.5288980E-006, 1.2244903E-001, 2.9586897E-003, 1.1878022E-003, 9.0000000E-001
 1.2585865E+002,-4.0102682E-003, 7.5455377E-006, 1.2258263E-001, 2.8617378E-003, 1.1517699E-003, 9.0000000E-001
 1.2601676E+002,-4.0066515E-003, 7.5639627E-006, 1.2271280E-001, 2.7386180E-003, 1.0999393E-003, 9.0000000E-001
 1.2633299E+002,-4.0030723E-003, 7.5843785E-006, 1.2283637E-001, 2.5859826E-003, 1.0298270E-003, 9.0000000E-001
 1.2649111E+002,-3.9995195E-003, 7.6061696E-006, 1.2295295E-001, 2.4125996E-003, 9.4647154E-004, 9.0000000E-001
 1.2680733E+002,-3.9960190E-003, 7.6293746E-006, 1.2305890E-001, 2.2172300E-003, 8.4854213E-004, 9.0000000E-001
 1.2696545E+002,-3.9925611E-003, 7.6534449E-006, 1.2315500E-001, 2.0076292E-003, 7.4067852E-004, 9.0000000E-001
 1.2728168E+002,-3.9891764E-003, 7.6782355E-006, 1.2323743E-001, 1.7846342E-003, 6.2269959E-004, 9.0000000E-001
 1.2759790E+002,-3.9847487E-003, 7.7116486E-006, 1.2332746E-001, 1.4764356E-003, 4.5561805E-004, 9.0000000E-001
 1.2775602E+002,-3.9814821E-003, 7.7365691E-006, 1.2337937E-001, 1.2416284E-003, 3.2538636E-004, 9.0000000E-001
 1.2807225E+002,-3.9782837E-003, 7.7608532E-006, 1.2341524E-001, 1.0082953E-003, 1.9300619E-004, 9.0000000E-001
 1.2823036E+002,-3.9751592E-003, 7.7842776E-006, 1.2343825E-001, 7.7951305E-004, 6.0736988E-005, 9.0000000E-001
 1.2854659E+002,-3.9721031E-003, 7.8061838E-006, 1.2344550E-001, 5.6035879E-004,-6.9250066E-005, 9.0000000E-001
 1.2870470E+002,-3.9691108E-003, 7.8265213E-006, 1.2344060E-001, 3.5181338E-004,-1.9582856E-004, 9.0000000E-001
 1.2902093E+002,-3.9662053E-003, 7.8444652E-006, 1.2342137E-001, 1.5974671E-004,-3.1639462E-004, 9.0000000E-001
 1.2917904E+002,-3.9633757E-003, 7.8601607E-006, 1.2339156E-001,-1.6892564E-005,-4.3093045E-004, 9.0000000E-001
 1.2949527E+002,-3.9606116E-003, 7.8726576E-006, 1.2334983E-001,-1.7195745E-004,-5.3668627E-004, 9.0000000E-001
 1.2965338E+002,-3.9579110E-003, 7.8823120E-006, 1.2329975E-001,-3.0831625E-004,-6.3463485E-004, 9.0000000E-001
 1.2996961E+002,-3.9552937E-003, 7.8881074E-006, 1.2324085E-001,-4.2005742E-004,-7.2215746E-004, 9.0000000E-001
 1.3012773E+002,-3.9527219E-003, 7.8906119E-006, 1.2317625E-001,-5.1152370E-004,-8.0102782E-004, 9.0000000E-001
 1.3044395E+002,-3.9502233E-003, 7.8888154E-006, 1.2310629E-001,-5.7749603E-004,-8.6900787E-004, 9.0000000E-001
 1.3060207E+002,-3.9477907E-003, 7.8834811E-006, 1.2303347E-001,-6.2334344E-004,-9.2842905E-004, 9.0000000E-001
 1.3091830E+002,-3.9453893E-003, 7.8736848E-006, 1.2295879E-001,-6.4490064E-004,-9.7763155E-004, 9.0000000E-001
 1.3107641E+002,-3.9430614E-003, 7.8603473E-006, 1.2288397E-001,-6.4806041E-004,-1.0192287E-003, 9.0000000E-001
 1.3139264E+002,-3.9407879E-003, 7.8427069E-006, 1.2281052E-001,-6.2995668E-004,-1.0522670E-003, 9.0000000E-001
 1.3155075E+002,-3.9385750E-003, 7.8217849E-006, 1.2273934E-001,-5.9649720E-004,-1.0793578E-003, 9.0000000E-001
 1.3186698E+002,-3.9364219E-003, 7.7970471E-006, 1.2267223E-001,-5.4622921E-004,-1.1003014E-003, 9.0000000E-001
 1.3202509E+002,-3.9343424E-003, 7.7695419E-006, 1.2260925E-001,-4.8459626E-004,-1.1174411E-003, 9.0000000E-001
 1.3234132E+002,-3.9323741E-003, 7.7390066E-006, 1.2255229E-001,-4.1153491E-004,-1.1312937E-003, 9.0000000E-001
 1.3249943E+002,-3.9304450E-003, 7.7064346E-006, 1.2250068E-001,-3.3162471E-004,-1.1437125E-003, 9.0000000E-001
 1.3281566E+002,-3.9286613E-003, 7.6718525E-006, 1.2245618E-001,-2.4605088E-004,-1.1558201E-003, 9.0000000E-001
 1.3297378E+002,-3.9269150E-003, 7.6361177E-006, 1.2241753E-001,-1.5823571E-004,-1.1688232E-003, 9.0000000E-001
 1.3329000E+002,-3.9253006E-003, 7.5995354E-006, 1.2238617E-001,-7.0373454E-005,-1.1842762E-003, 9.0000000E-001
 1.3344812E+002,-3.9237707E-003, 7.5627565E-006, 1.2236047E-001, 1.5441013E-005,-1.2026554E-003, 9.0000000E-001
 1.3376435E+002,-3.9223221E-003, 7.5263292E-006, 1.2234140E-001, 9.6312656E-005,-1.2257257E-003, 9.0000000E-001
 1.3392246E+002,-3.9210047E-003, 7.4906478E-006, 1.2232716E-001, 1.7151413E-004,-1.2532316E-003, 9.0000000E-001
 1.3423869E+002,-3.9198068E-003, 7.4564482E-006, 1.2231819E-001, 2.3779615E-004,-1.2869053E-003, 9.0000000E-001
 1.3455491E+002,-3.9183333E-003, 7.4136101E-006, 1.2231185E-001, 3.1197278E-004,-1.3406058E-003, 9.0000000E-001
 1.3471303E+002,-3.9173248E-003, 7.3840040E-006, 1.2231031E-001, 3.5584401E-004,-1.3875911E-003, 9.0000000E-001
 1.3502926E+002,-3.9164796E-003, 7.3573749E-006, 1.2231074E-001, 3.8710687E-004,-1.4410967E-003, 9.0000000E-001
 1.3518737E+002,-3.9157438E-003, 7.3333853E-006, 1.2231187E-001, 4.0801337E-004,-1.4994720E-003, 9.0000000E-001
 1.3550360E+002,-3.9151527E-003, 7.3129475E-006, 1.2231278E-001, 4.1602005E-004,-1.5632381E-003, 9.0000000E-001
 1.3566171E+002,-3.9146650E-003, 7.2955034E-006, 1.2231268E-001, 4.1400094E-004,-1.6305857E-003, 9.0000000E-001
 1.3597794E+002,-3.9143080E-003, 7.2819225E-006, 1.2231037E-001, 4.0016163E-004,-1.7012680E-003, 9.0000000E-001
 1.3613605E+002,-3.9140467E-003, 7.2714831E-006, 1.2230559E-001, 3.7765580E-004,-1.7735629E-003, 9.0000000E-001
 1.3645228E+002,-3.9138961E-003, 7.2649736E-006, 1.2229700E-001, 3.4558170E-004,-1.8463830E-003, 9.0000000E-001
 1.3661039E+002,-3.9138493E-003, 7.2615725E-006, 1.2228492E-001, 3.0703067E-004,-1.9183353E-003, 9.0000000E-001
 1.3692662E+002,-3.9139090E-003, 7.2619657E-006, 1.2226809E-001, 2.6204722E-004,-1.9874946E-003, 9.0000000E-001
 1.3708474E+002,-3.9140727E-003, 7.2652938E-006, 1.2224733E-001, 2.1334944E-004,-2.0530133E-003, 9.0000000E-001
 1.3740096E+002,-3.9143498E-003, 7.2721332E-006, 1.2222167E-001, 1.6189186E-004,-2.1122084E-003, 9.0000000E-001
 1.3755908E+002,-3.9147094E-003, 7.2816386E-006, 1.2219230E-001, 1.0976262E-004,-2.1649473E-003, 9.0000000E-001
 1.3787531E+002,-3.9151765E-003, 7.2942794E-006, 1.2215878E-001, 5.8705064E-005,-2.2079428E-003, 9.0000000E-001
 1.3803342E+002,-3.9157315E-003, 7.3092628E-006, 1.2212249E-001, 9.9925669E-006,-2.2418868E-003, 9.0000000E-001
 1.3834965E+002,-3.9163639E-003, 7.3269602E-006, 1.2208364E-001,-3.4035813E-005,-2.2631031E-003, 9.0000000E-001
 1.3850776E+002,-3.9170987E-003, 7.3466553E-006, 1.2204362E-001,-7.3020707E-005,-2.2731441E-003, 9.0000000E-001
 1.3882399E+002,-3.9179392E-003, 7.3686305E-006, 1.2200340E-001,-1.0427311E-004,-2.2682048E-003, 9.0000000E-001
 1.3898210E+002,-3.9188594E-003, 7.3922569E-006, 1.2196416E-001,-1.2835687E-004,-2.2506551E-003, 9.0000000E-001
 1.3929833E+002,-3.9198864E-003, 7.4177327E-006, 1.2192764E-001,-1.4251052E-004,-2.2168471E-003, 9.0000000E-001
 1.3945644E+002,-3.9209968E-003, 7.4445174E-006, 1.2189460E-001,-1.4814294E-004,-2.1698523E-003, 9.0000000E-001
 1.3977267E+002,-3.9221911E-003, 7.4727242E-006, 1.2186752E-001,-1.4270322E-004,-2.1064718E-003, 9.0000000E-001
 1.3993079E+002,-3.9234655E-003, 7.5018962E-006, 1.2184654E-001,-1.2828733E-004,-2.0302937E-003, 9.0000000E-001
 1.4024701E+002,-3.9248000E-003, 7.5320550E-006, 1.2183476E-001,-1.0281716E-004,-1.9388398E-003, 9.0000000E-001
 1.4040513E+002,-3.9261785E-003, 7.5628230E-006, 1.2183156E-001,-6.8852271E-005,-1.8359705E-003, 9.0000000E-001
 1.4072136E+002,-3.9276596E-003, 7.5941187E-006, 1.2184045E-001,-2.4999788E-005,-1.7201509E-003, 9.0000000E-001
 1.4103758E+002,-3.9297577E-003, 7.6361704E-006, 1.2187030E-001, 4.5094636E-005,-1.5509579E-003, 9.0000000E-001
 1.4119570E+002,-3.9313793E-003, 7.6676971E-006, 1.2190716E-001, 1.0513741E-004,-1.4148549E-003, 9.0000000E-001
 1.4151193E+002,-3.9330646E-003, 7.6989007E-006, 1.2195933E-001, 1.7095506E-004,-1.2719792E-003, 9.0000000E-001
 1.4167004E+002,-3.9347940E-003, 7.7296245E-006, 1.2202409E-001, 2.4009196E-004,-1.1254989E-003, 9.0000000E-001
 1.4198627E+002,-3.9365429E-003, 7.7594628E-006, 1.2210471E-001, 3.1162699E-004,-9.7690854E-004, 9.0000000E-001
 1.4214438E+002,-3.9383311E-003, 7.7883609E-006, 1.2219788E-001, 3.8362509E-004,-8.2860196E-004, 9.0000000E-001
 1.4246061E+002,-3.9401430E-003, 7.8157917E-006, 1.2230622E-001, 4.5435425E-004,-6.8314324E-004, 9.0000000E-001
 1.4261872E+002,-3.9419875E-003, 7.8418168E-006, 1.2242605E-001, 5.2260360E-004,-5.4194038E-004, 9.0000000E-001
 1.4293495E+002,-3.9438437E-003, 7.8658023E-006, 1.2255908E-001, 5.8598666E-004,-4.0845324E-004, 9.0000000E-001
 1.4309306E+002,-3.9457086E-003, 7.8879391E-006, 1.2270152E-001, 6.4413823E-004,-2.8296712E-004, 9.0000000E-001
 1.4340929E+002,-3.9475926E-003, 7.9075119E-006, 1.2285397E-001, 6.9422353E-004,-1.6959467E-004, 9.0000000E-001
 1.4356741E+002,-3.9494579E-003, 7.9248480E-006, 1.2301284E-001, 7.3676188E-004,-6.7451051E-005, 9.0000000E-001
 1.4388363E+002,-3.9513279E-003, 7.9391854E-006, 1.2317749E-001, 7.6871341E-004, 1.8991489E-005, 9.0000000E-001
 1.4404175E+002,-3.9531747E-003, 7.9509856E-006, 1.2334484E-001, 7.9144216E-004, 9.1746556E-005, 9.0000000E-001
 1.4435798E+002,-3.9549895E-003, 7.9594803E-006, 1.2351299E-001, 8.0196335E-004, 1.4630792E-004, 9.0000000E-001
 1.4451609E+002,-3.9567602E-003, 7.9652533E-006, 1.2367962E-001, 8.0236917E-004, 1.8569047E-004, 9.0000000E-001
 1.4483232E+002,-3.9584734E-003, 7.9675726E-006, 1.2384164E-001, 7.8997845E-004, 2.0568371E-004, 9.0000000E-001
 1.4499043E+002,-3.9600942E-003, 7.9671203E-006, 1.2399777E-001, 7.6742822E-004, 2.1009355E-004, 9.0000000E-001
 1.4530666E+002,-3.9616134E-003, 7.9632410E-006, 1.2414387E-001, 7.3255480E-004, 1.9530787E-004, 9.0000000E-001
 1.4546477E+002,-3.9630361E-003, 7.9566831E-006, 1.2427987E-001, 6.8831071E-004, 1.6565068E-004, 9.0000000E-001
 1.4578100E+002,-3.9643233E-003, 7.9469021E-006, 1.2440082E-001, 6.3321237E-004, 1.1836656E-004, 9.0000000E-001
 1.4593911E+002,-3.9654753E-003, 7.9346730E-006, 1.2450794E-001, 5.7027624E-004, 5.7987563E-005, 9.0000000E-001
 1.4625534E+002,-3.9664890E-003, 7.9195862E-006, 1.2459580E-001, 4.9879766E-004,-1.7187610E-005, 9.0000000E-001
 1.4641346E+002,-3.9673860E-003, 7.9023996E-006, 1.2466689E-001, 4.2160478E-004,-1.0274253E-004, 9.0000000E-001
 1.4672968E+002,-3.9680960E-003, 7.8828502E-006, 1.2471563E-001, 3.3879958E-004,-1.9920067E-004, 9.0000000E-001
 1.4688780E+002,-3.9686863E-003, 7.8616362E-006, 1.2474568E-001, 2.5279540E-004,-3.0257651E-004, 9.0000000E-001
 1.4720403E+002,-3.9690761E-003, 7.8386395E-006, 1.2475171E-001, 1.6446370E-004,-4.1217554E-004, 9.0000000E-001
 1.4736214E+002,-3.9693196E-003, 7.8144616E-006, 1.2473833E-001, 7.5620656E-005,-5.2472921E-004, 9.0000000E-001
 1.4767837E+002,-3.9693653E-003, 7.7891150E-006, 1.2470084E-001,-1.2190517E-005,-6.3837474E-004, 9.0000000E-001
 1.4799459E+002,-3.9691654E-003, 7.7542307E-006, 1.2461967E-001,-1.2538425E-004,-7.8728596E-004, 9.0000000E-001
 1.4815271E+002,-3.9688125E-003, 7.7275397E-006, 1.2453642E-001,-2.0583746E-004,-8.9442174E-004, 9.0000000E-001
 1.4846894E+002,-3.9682372E-003, 7.7006351E-006, 1.2443251E-001,-2.8020950E-004,-9.9409143E-004, 9.0000000E-001
 1.4862705E+002,-3.9674913E-003, 7.6737553E-006, 1.2431352E-001,-3.4871006E-004,-1.0858897E-003, 9.0000000E-001
 1.4894328E+002,-3.9665030E-003, 7.6471219E-006, 1.2417786E-001,-4.0878273E-004,-1.1656498E-003, 9.0000000E-001
 1.4910139E+002,-3.9653253E-003, 7.6208358E-006, 1.2403082E-001,-4.6137196E-004,-1.2341692E-003, 9.0000000E-001
 1.4941762E+002,-3.9638930E-003, 7.5951381E-006, 1.2387226E-001,-5.0387727E-004,-1.2868723E-003, 9.0000000E-001
 1.4957573E+002,-3.9622332E-003, 7.5700113E-006, 1.2370679E-001,-5.3787497E-004,-1.3257048E-003, 9.0000000E-001
 1.4989196E+002,-3.9603003E-003, 7.5456911E-006, 1.2353571E-001,-5.6089561E-004,-1.3459820E-003, 9.0000000E-001
 1.5005007E+002,-3.9581318E-003, 7.5220695E-006, 1.2336264E-001,-5.7500534E-004,-1.3506694E-003, 9.0000000E-001
 1.5036630E+002,-3.9556948E-003, 7.4993608E-006, 1.2319026E-001,-5.7801751E-004,-1.3352832E-003, 9.0000000E-001
 1.5052442E+002,-3.9530232E-003, 7.4773977E-006, 1.2302096E-001,-5.7232343E-004,-1.3036232E-003, 9.0000000E-001
 1.5084064E+002,-3.9500502E-003, 7.4563668E-006, 1.2285859E-001,-5.5615277E-004,-1.2517287E-003, 9.0000000E-001
 1.5099876E+002,-3.9468510E-003, 7.4360714E-006, 1.2270417E-001,-5.3205143E-004,-1.1839990E-003, 9.0000000E-001
 1.5131499E+002,-3.9433756E-003, 7.4166726E-006, 1.2256250E-001,-4.9876422E-004,-1.0972944E-003, 9.0000000E-001
 1.5147310E+002,-3.9396854E-003, 7.3979688E-006, 1.2243313E-001,-4.5881362E-004,-9.9632310E-004, 9.0000000E-001
 1.5178933E+002,-3.9357279E-003, 7.3801035E-006, 1.2232154E-001,-4.1151942E-004,-8.7901259E-004, 9.0000000E-001
 1.5194744E+002,-3.9315757E-003, 7.3628857E-006, 1.2222587E-001,-3.5921407E-004,-7.5005666E-004, 9.0000000E-001
 1.5226367E+002,-3.9271852E-003, 7.3464519E-006, 1.2215192E-001,-3.0180842E-004,-6.0862712E-004, 9.0000000E-001
 1.5242178E+002,-3.9226263E-003, 7.3306288E-006, 1.2209655E-001,-2.4129605E-004,-4.5907214E-004, 9.0000000E-001
 1.5273801E+002,-3.9178832E-003, 7.3155545E-006, 1.2206556E-001,-1.7815153E-004,-3.0190473E-004, 9.0000000E-001
 1.5289612E+002,-3.9130096E-003, 7.3010724E-006, 1.2205472E-001,-1.1390327E-004,-1.4081043E-004, 9.0000000E-001
 1.5321235E+002,-3.9079878E-003, 7.2873276E-006, 1.2206949E-001,-4.9494523E-005, 2.2356038E-005, 9.0000000E-001
 1.5337047E+002,-3.9028796E-003, 7.2741740E-006, 1.2210478E-001, 1.4112239E-005, 1.8485459E-004, 9.0000000E-001
 1.5368669E+002,-3.8976715E-003, 7.2617644E-006, 1.2216537E-001, 7.5644793E-005, 3.4358452E-004, 9.0000000E-001
 1.5384481E+002,-3.8924190E-003, 7.2499553E-006, 1.2224562E-001, 1.3474181E-004, 4.9697250E-004, 9.0000000E-001
 1.5416104E+002,-3.8871039E-003, 7.2389034E-006, 1.2234932E-001, 1.8996266E-004, 6.4085822E-004, 9.0000000E-001
 1.5447726E+002,-3.8799967E-003, 7.2251839E-006, 1.2251653E-001, 2.5737980E-004, 8.1586858E-004, 9.0000000E-001
 1.5463538E+002,-3.8746710E-003, 7.2156574E-006, 1.2266178E-001, 3.0279485E-004, 9.3201938E-004, 9.0000000E-001
 1.5495161E+002,-3.8693832E-003, 7.2068896E-006, 1.2282430E-001, 3.4271759E-004, 1.0304724E-003, 9.0000000E-001
 1.5510972E+002,-3.8641378E-003, 7.1987214E-006, 1.2299865E-001, 3.7816828E-004, 1.1132359E-003, 9.0000000E-001
 1.5542595E+002,-3.8589719E-003, 7.1912886E-006, 1.2318504E-001, 4.0812237E-004, 1.1748267E-003, 9.0000000E-001
 1.5558406E+002,-3.8538504E-003, 7.1844296E-006, 1.2337872E-001, 4.3387967E-004, 1.2185028E-003, 9.0000000E-001
 1.5590029E+002,-3.8488019E-003, 7.1782662E-006, 1.2357847E-001, 4.5480465E-004, 1.2389799E-003, 9.0000000E-001
 1.5605840E+002,-3.8438305E-003, 7.1726406E-006, 1.2378054E-001, 4.7229448E-004, 1.2405587E-003, 9.0000000E-001
 1.5637463E+002,-3.8389454E-003, 7.1676637E-006, 1.2398234E-001, 4.8614667E-004, 1.2185373E-003, 9.0000000E-001
 1.5653274E+002,-3.8341121E-003, 7.1631879E-006, 1.2418138E-001, 4.9767682E-004, 1.1779703E-003, 9.0000000E-001
 1.5684897E+002,-3.8293837E-003, 7.1593199E-006, 1.2437390E-001, 5.0709821E-004, 1.1150854E-003, 9.0000000E-001
 1.5700709E+002,-3.8247324E-003, 7.1559271E-006, 1.2455881E-001, 5.1548499E-004, 1.0353405E-003, 9.0000000E-001
 1.5732331E+002,-3.8201725E-003, 7.1531206E-006, 1.2473146E-001, 5.2338452E-004, 9.3617037E-004, 9.0000000E-001
 1.5748143E+002,-3.8157029E-003, 7.1507825E-006, 1.2489224E-001, 5.3151060E-004, 8.2304014E-004, 9.0000000E-001
 1.5779766E+002,-3.8113573E-003, 7.1490363E-006, 1.2503592E-001, 5.4062190E-004, 6.9476091E-004, 9.0000000E-001
 1.5795577E+002,-3.8071008E-003, 7.1477743E-006, 1.2516435E-001, 5.5101621E-004, 5.5639593E-004, 9.0000000E-001
 1.5827200E+002,-3.8029859E-003, 7.1471373E-006, 1.2527211E-001, 5.6351106E-004, 4.0818473E-004, 9.0000000E-001
 1.5843011E+002,-3.7989500E-003, 7.1470201E-006, 1.2536235E-001, 5.7798225E-004, 2.5441669E-004, 9.0000000E-001
 1.5874634E+002,-3.7950392E-003, 7.1475810E-006, 1.2542987E-001, 5.9513109E-004, 9.6698541E-005, 9.0000000E-001
 1.5890445E+002,-3.7912211E-003, 7.1487087E-006, 1.2547887E-001, 6.1446569E-004,-6.1760943E-005, 9.0000000E-001
 1.5922068E+002,-3.7875300E-003, 7.1505748E-006, 1.2550472E-001, 6.3640745E-004,-2.1815571E-004, 9.0000000E-001
 1.5937879E+002,-3.7839212E-003, 7.1530530E-006, 1.2551236E-001, 6.6020984E-004,-3.7057160E-004, 9.0000000E-001
 1.5969502E+002,-3.7804435E-003, 7.1563178E-006, 1.2549806E-001, 6.8588447E-004,-5.1525791E-004, 9.0000000E-001
 1.5985314E+002,-3.7770617E-003, 7.1602233E-006, 1.2546713E-001, 7.1258082E-004,-6.5170003E-004, 9.0000000E-001
 1.6016936E+002,-3.7738056E-003, 7.1649346E-006, 1.2541694E-001, 7.3981191E-004,-7.7551438E-004, 9.0000000E-001
 1.6032748E+002,-3.7706420E-003, 7.1702871E-006, 1.2535280E-001, 7.6678715E-004,-8.8757481E-004, 9.0000000E-001
 1.6064371E+002,-3.7675945E-003, 7.1764264E-006, 1.2527331E-001, 7.9248647E-004,-9.8320786E-004, 9.0000000E-001
 1.6080182E+002,-3.7646491E-003, 7.1831764E-006, 1.2518336E-001, 8.1635186E-004,-1.0645610E-003, 9.0000000E-001
 1.6111805E+002,-3.7618325E-003, 7.1906572E-006, 1.2508280E-001, 8.3687464E-004,-1.1270178E-003, 9.0000000E-001
 1.6143427E+002,-3.7581776E-003, 7.2015440E-006, 1.2493854E-001, 8.5815598E-004,-1.1840758E-003, 9.0000000E-001
 1.6159239E+002,-3.7555334E-003, 7.2103480E-006, 1.2482529E-001, 8.6854882E-004,-1.2069412E-003, 9.0000000E-001
 1.6190862E+002,-3.7529823E-003, 7.2197344E-006, 1.2470999E-001, 8.7228499E-004,-1.2100225E-003, 9.0000000E-001
 1.6206673E+002,-3.7504903E-003, 7.2295473E-006, 1.2459504E-001, 8.7003144E-004,-1.1976758E-003, 9.0000000E-001
 1.6238296E+002,-3.7480751E-003, 7.2398454E-006, 1.2448287E-001, 8.5959284E-004,-1.1668980E-003, 9.0000000E-001
 1.6254107E+002,-3.7457166E-003, 7.2504953E-006, 1.2437468E-001, 8.4215801E-004,-1.1222888E-003, 9.0000000E-001
 1.6285730E+002,-3.7434023E-003, 7.2615434E-006, 1.2427345E-001, 8.1559745E-004,-1.0618313E-003, 9.0000000E-001
 1.6301541E+002,-3.7411285E-003, 7.2728804E-006, 1.2417919E-001, 7.8157165E-004,-9.9003303E-004, 9.0000000E-001
 1.6333164E+002,-3.7388492E-003, 7.2845456E-006, 1.2409513E-001, 7.3822121E-004,-9.0595442E-004, 9.0000000E-001
 1.6348976E+002,-3.7365821E-003, 7.2964502E-006, 1.2402023E-001, 6.8756895E-004,-8.1369296E-004, 9.0000000E-001
 1.6380598E+002,-3.7343159E-003, 7.3086280E-006, 1.2395770E-001, 6.2820262E-004,-7.1338567E-004, 9.0000000E-001
 1.6396410E+002,-3.7320500E-003, 7.3210040E-006, 1.2390562E-001, 5.6234317E-004,-6.0844636E-004, 9.0000000E-001
 1.6428032E+002,-3.7297671E-003, 7.3336008E-006, 1.2386696E-001, 4.8916832E-004,-5.0000945E-004, 9.0000000E-001
 1.6443844E+002,-3.7274842E-003, 7.3463499E-006, 1.2383916E-001, 4.1091706E-004,-3.9060203E-004, 9.0000000E-001
 1.6475467E+002,-3.7252012E-003, 7.3592522E-006, 1.2382477E-001, 3.2746975E-004,-2.8221323E-004, 9.0000000E-001
 1.6491278E+002,-3.7229018E-003, 7.3722410E-006, 1.2382082E-001, 2.4089919E-004,-1.7635865E-004, 9.0000000E-001
 1.6522901E+002,-3.7205942E-003, 7.3852808E-006, 1.2382933E-001, 1.5185785E-004,-7.5685960E-005, 9.0000000E-001
 1.6538712E+002,-3.7182534E-003, 7.3983062E-006, 1.2384717E-001, 6.2068425E-005, 1.9351242E-005, 9.0000000E-001
 1.6570335E+002,-3.7159225E-003, 7.4112292E-006, 1.2387573E-001,-2.7027737E-005, 1.0568761E-004, 9.0000000E-001
 1.6586146E+002,-3.7135761E-003, 7.4239922E-006, 1.2391198E-001,-1.1421905E-004, 1.8390199E-004, 9.0000000E-001
 1.6617769E+002,-3.7112152E-003, 7.4364418E-006, 1.2395663E-001,-1.9730002E-004, 2.5076997E-004, 9.0000000E-001
 1.6633580E+002,-3.7088134E-003, 7.4485397E-006, 1.2400695E-001,-2.7570145E-004, 3.0780048E-004, 9.0000000E-001
 1.6665203E+002,-3.7063800E-003, 7.4600597E-006, 1.2406299E-001,-3.4654062E-004, 3.5187834E-004, 9.0000000E-001
 1.6681015E+002,-3.7039758E-003, 7.4709996E-006, 1.2412249E-001,-4.1000664E-004, 3.8528357E-004, 9.0000000E-001
 1.6712637E+002,-3.7015418E-003, 7.4810616E-006, 1.2418491E-001,-4.6270771E-004, 4.0527002E-004, 9.0000000E-001
 1.6728449E+002,-3.6990808E-003, 7.4902975E-006, 1.2424857E-001,-5.0565647E-004, 4.1467502E-004, 9.0000000E-001
 1.6760072E+002,-3.6965987E-003, 7.4983488E-006, 1.2431245E-001,-5.3516254E-004, 4.1134707E-004, 9.0000000E-001
 1.6791694E+002,-3.6932574E-003, 7.5072813E-006, 1.2439599E-001,-5.5495447E-004, 3.9114945E-004, 9.0000000E-001
 1.6807506E+002,-3.6907324E-003, 7.5124985E-006, 1.2445628E-001,-5.5432615E-004, 3.6523309E-004, 9.0000000E-001
 1.6839129E+002,-3.6881870E-003, 7.5161031E-006, 1.2451302E-001,-5.3758673E-004, 3.3005883E-004, 9.0000000E-001
 1.6854940E+002,-3.6856242E-003, 7.5183464E-006, 1.2456622E-001,-5.0774786E-004, 2.8868417E-004, 9.0000000E-001
 1.6886563E+002,-3.6830481E-003, 7.5188257E-006, 1.2461430E-001,-4.6157595E-004, 2.4124145E-004, 9.0000000E-001
 1.6902374E+002,-3.6804620E-003, 7.5178643E-006, 1.2465783E-001,-4.0259161E-004, 1.9038585E-004, 9.0000000E-001
 1.6933997E+002,-3.6778578E-003, 7.5150968E-006, 1.2469529E-001,-3.2822694E-004, 1.3716095E-004, 9.0000000E-001
 1.6949808E+002,-3.6752533E-003, 7.5109030E-006, 1.2472773E-001,-2.4228564E-004, 8.3594111E-005, 9.0000000E-001
 1.6981431E+002,-3.6726384E-003, 7.5049823E-006, 1.2475387E-001,-1.4308701E-004, 3.1549187E-005, 9.0000000E-001
 1.6997242E+002,-3.6700168E-003, 7.4977470E-006, 1.2477506E-001,-3.4455497E-005,-1.7744736E-005, 9.0000000E-001
 1.7028865E+002,-3.6673829E-003, 7.4889816E-006, 1.2479038E-001, 8.4234342E-005,-6.1764743E-005, 9.0000000E-001
 1.7044677E+002,-3.6647338E-003, 7.4791013E-006, 1.2480136E-001, 2.0941846E-004,-1.0018450E-004, 9.0000000E-001
 1.7076299E+002,-3.6620517E-003, 7.4679861E-006, 1.2480752E-001, 3.4057664E-004,-1.3004176E-004, 9.0000000E-001
 1.7092111E+002,-3.6592995E-003, 7.4560227E-006, 1.2481041E-001, 4.7468262E-004,-1.5194006E-004, 9.0000000E-001
 1.7123734E+002,-3.6565266E-003, 7.4431865E-006, 1.2481005E-001, 6.1005901E-004,-1.6273623E-004, 9.0000000E-001
 1.7139545E+002,-3.6536759E-003, 7.4298073E-006, 1.2480783E-001, 7.4446434E-004,-1.6391040E-004, 9.0000000E-001
 1.7171168E+002,-3.6508598E-003, 7.4159453E-006, 1.2480430E-001, 8.7514112E-004,-1.5241680E-004, 9.0000000E-001
 1.7186979E+002,-3.6480377E-003, 7.4018511E-006, 1.2480056E-001, 1.0008390E-003,-1.3048937E-004, 9.0000000E-001
 1.7218602E+002,-3.6451736E-003, 7.3876505E-006, 1.2479763E-001, 1.1178945E-003,-9.5458469E-005, 9.0000000E-001
 1.7234413E+002,-3.6422657E-003, 7.3735021E-006, 1.2479620E-001, 1.2261905E-003,-5.0117545E-005, 9.0000000E-001
 1.7266036E+002,-3.6393381E-003, 7.3595730E-006, 1.2479766E-001, 1.3214078E-003, 7.5815738E-006, 9.0000000E-001
 1.7281847E+002,-3.6363744E-003, 7.3459278E-006, 1.2480221E-001, 1.4046153E-003, 7.4530959E-005, 9.0000000E-001
 1.7313470E+002,-3.6333749E-003, 7.3327495E-006, 1.2481149E-001, 1.4711427E-003, 1.5195968E-004, 9.0000000E-001
 1.7329282E+002,-3.6303282E-003, 7.3200171E-006, 1.2482516E-001, 1.5232038E-003, 2.3671848E-004, 9.0000000E-001
 1.7360904E+002,-3.6272391E-003, 7.3079073E-006, 1.2484496E-001, 1.5561147E-003, 3.2908430E-004, 9.0000000E-001
 1.7376716E+002,-3.6240871E-003, 7.2963306E-006, 1.2487006E-001, 1.5731048E-003, 4.2614722E-004, 9.0000000E-001
 1.7408339E+002,-3.6209463E-003, 7.2854400E-006, 1.2490211E-001, 1.5698247E-003, 5.2717877E-004, 9.0000000E-001
 1.7424150E+002,-3.6177649E-003, 7.2750988E-006, 1.2493986E-001, 1.5503095E-003, 6.2977627E-004, 9.0000000E-001
 1.7455773E+002,-3.6145524E-003, 7.2654256E-006, 1.2498471E-001, 1.5108751E-003, 7.3224274E-004, 9.0000000E-001
 1.7487395E+002,-3.6102314E-003, 7.2533659E-006, 1.2505367E-001, 1.4329311E-003, 8.6540479E-004, 9.0000000E-001
 1.7503207E+002,-3.6069485E-003, 7.2449032E-006, 1.2511188E-001, 1.3565962E-003, 9.6059506E-004, 9.0000000E-001
 1.7534830E+002,-3.6036472E-003, 7.2369594E-006, 1.2517592E-001, 1.2641366E-003, 1.0487621E-003, 9.0000000E-001
 1.7550641E+002,-3.6003785E-003, 7.2293838E-006, 1.2524407E-001, 1.1602396E-003, 1.1298045E-003, 9.0000000E-001
 1.7582264E+002,-3.5971380E-003, 7.2222093E-006, 1.2531651E-001, 1.0441614E-003, 1.2002307E-003, 9.0000000E-001
 1.7598075E+002,-3.5939394E-003, 7.2153098E-006, 1.2539160E-001, 9.2020341E-004, 1.2609431E-003, 9.0000000E-001
 1.7629698E+002,-3.5907862E-003, 7.2087017E-006, 1.2546899E-001, 7.8892807E-004, 1.3082321E-003, 9.0000000E-001
 1.7645509E+002,-3.5876960E-003, 7.2022895E-006, 1.2554733E-001, 6.5393130E-004, 1.3439492E-003, 9.0000000E-001
 1.7677132E+002,-3.5846947E-003, 7.1960844E-006, 1.2562572E-001, 5.1704788E-004, 1.3644564E-003, 9.0000000E-001
 1.7692944E+002,-3.5817752E-003, 7.1900213E-006, 1.2570320E-001, 3.8089820E-004, 1.3724195E-003, 9.0000000E-001
 1.7724566E+002,-3.5789612E-003, 7.1841163E-006, 1.2577843E-001, 2.4845617E-004, 1.3645538E-003, 9.0000000E-001
 1.7740378E+002,-3.5762371E-003, 7.1783296E-006, 1.2585097E-001, 1.2116229E-004, 1.3441336E-003, 9.0000000E-001
 1.7772000E+002,-3.5737080E-003, 7.1726898E-006, 1.2591911E-001, 2.9011367E-006, 1.3084749E-003, 9.0000000E-001
 1.7787812E+002,-3.5712751E-003, 7.1671732E-006, 1.2598296E-001,-1.0618608E-004, 1.2612045E-003, 9.0000000E-001
 1.7819435E+002,-3.5690041E-003, 7.1618258E-006, 1.2604061E-001,-2.0160963E-004, 1.2004316E-003, 9.0000000E-001
 1.7835246E+002,-3.5669044E-003, 7.1566306E-006, 1.2609273E-001,-2.8454555E-004, 1.1298509E-003, 9.0000000E-001
 1.7866869E+002,-3.5650073E-003, 7.1516524E-006, 1.2613736E-001,-3.5025396E-004, 1.0484865E-003, 9.0000000E-001
 1.7882680E+002,-3.5632729E-003, 7.1468726E-006, 1.2617567E-001,-4.0114033E-004, 9.5981548E-004, 9.0000000E-001
 1.7914303E+002,-3.5617364E-003, 7.1423754E-006, 1.2620580E-001,-4.3259016E-004, 8.6382229E-004, 9.0000000E-001
 1.7930114E+002,-3.5603866E-003, 7.1381335E-006, 1.2622931E-001,-4.4805132E-004, 7.6350467E-004, 9.0000000E-001
 1.7961737E+002,-3.5592531E-003, 7.1342483E-006, 1.2624461E-001,-4.4339934E-004, 6.5977566E-004, 9.0000000E-001
 1.7977548E+002,-3.5582751E-003, 7.1306784E-006, 1.2625351E-001,-4.2285222E-004, 5.5493625E-004, 9.0000000E-001
 1.8009171E+002,-3.5575369E-003, 7.1275388E-006, 1.2625479E-001,-3.8309863E-004, 4.5072140E-004, 9.0000000E-001
 1.8024983E+002,-3.5569720E-003, 7.1247708E-006, 1.2625036E-001,-3.2879239E-004, 3.4857854E-004, 9.0000000E-001
 1.8056605E+002,-3.5566531E-003, 7.1224988E-006, 1.2623942E-001,-2.5769173E-004, 2.5089643E-004, 9.0000000E-001
 1.8072417E+002,-3.5565032E-003, 7.1206462E-006, 1.2622384E-001,-1.7451755E-004, 1.5818664E-004, 9.0000000E-001
 1.8104040E+002,-3.5565850E-003, 7.1193422E-006, 1.2620327E-001,-7.8265519E-005, 7.3280285E-005, 9.0000000E-001
 1.8135662E+002,-3.5569986E-003, 7.1183678E-006, 1.2617052E-001, 6.3965468E-005,-2.7363061E-005, 9.0000000E-001
 1.8151474E+002,-3.5575459E-003, 7.1182276E-006, 1.2614287E-001, 1.7856802E-004,-9.2256425E-005, 9.0000000E-001
 1.8183097E+002,-3.5583241E-003, 7.1186950E-006, 1.2611319E-001, 2.9801018E-004,-1.4548764E-004, 9.0000000E-001
 1.8198908E+002,-3.5592717E-003, 7.1196581E-006, 1.2608260E-001, 4.1912486E-004,-1.8886170E-004, 9.0000000E-001
 1.8230531E+002,-3.5604509E-003, 7.1212509E-006, 1.2605174E-001, 5.3954508E-004,-2.1952590E-004, 9.0000000E-001
 1.8246342E+002,-3.5618351E-003, 7.1233548E-006, 1.2602132E-001, 6.5719748E-004,-2.3990332E-004, 9.0000000E-001
 1.8277965E+002,-3.5634466E-003, 7.1261063E-006, 1.2599217E-001, 7.6870552E-004,-2.4754498E-004, 9.0000000E-001
 1.8293776E+002,-3.5652595E-003, 7.1293833E-006, 1.2596456E-001, 8.7324616E-004,-2.4528047E-004, 9.0000000E-001
 1.8325399E+002,-3.5673300E-003, 7.1333269E-006, 1.2593944E-001, 9.6670203E-004,-2.3123622E-004, 9.0000000E-001
 1.8341210E+002,-3.5695937E-003, 7.1378125E-006, 1.2591667E-001, 1.0495562E-003,-2.0841292E-004, 9.0000000E-001
 1.8372833E+002,-3.5720589E-003, 7.1429870E-006, 1.2589718E-001, 1.1172719E-003,-1.7563174E-004, 9.0000000E-001
 1.8388645E+002,-3.5747399E-003, 7.1487224E-006, 1.2588048E-001, 1.1715908E-003,-1.3582646E-004, 9.0000000E-001
 1.8420267E+002,-3.5776548E-003, 7.1551709E-006, 1.2586737E-001, 1.2079043E-003,-8.8575213E-005, 9.0000000E-001
 1.8436079E+002,-3.5807443E-003, 7.1621989E-006, 1.2585714E-001, 1.2290664E-003,-3.6522158E-005, 9.0000000E-001
 1.8467702E+002,-3.5840394E-003, 7.1699602E-006, 1.2585040E-001, 1.2307416E-003, 1.9997484E-005, 9.0000000E-001
 1.8483513E+002,-3.5874676E-003, 7.1783130E-006, 1.2584629E-001, 1.2166666E-003, 7.8821701E-005, 9.0000000E-001
 1.8515136E+002,-3.5910507E-003, 7.1874059E-006, 1.2584517E-001, 1.1831007E-003, 1.3891917E-004, 9.0000000E-001
 1.8530947E+002,-3.5947716E-003, 7.1970865E-006, 1.2584618E-001, 1.1343746E-003, 1.9875961E-004, 9.0000000E-001
 1.8562570E+002,-3.5986240E-003, 7.2074874E-006, 1.2584944E-001, 1.0676188E-003, 2.5673496E-004, 9.0000000E-001
 1.8578381E+002,-3.6025863E-003, 7.2184455E-006, 1.2585415E-001, 9.8742740E-004, 3.1204301E-004, 9.0000000E-001
 1.8610004E+002,-3.6066398E-003, 7.2300642E-006, 1.2586023E-001, 8.9201041E-004, 3.6266721E-004, 9.0000000E-001
 1.8625815E+002,-3.6107710E-003, 7.2421732E-006, 1.2586704E-001, 7.8587875E-004, 4.0857033E-004, 9.0000000E-001
 1.8657438E+002,-3.6149817E-003, 7.2548327E-006, 1.2587434E-001, 6.6844998E-004, 4.4753432E-004, 9.0000000E-001
 1.8673250E+002,-3.6192576E-003, 7.2678722E-006, 1.2588173E-001, 5.4381667E-004, 4.8025993E-004, 9.0000000E-001
 1.8704872E+002,-3.6235985E-003, 7.2812957E-006, 1.2588890E-001, 4.1264951E-004, 5.0455385E-004, 9.0000000E-001
 1.8720684E+002,-3.6279650E-003, 7.2949428E-006, 1.2589570E-001, 2.7832612E-004, 5.2176282E-004, 9.0000000E-001
 1.8752307E+002,-3.6323707E-003, 7.3087503E-006, 1.2590190E-001, 1.4272843E-004, 5.2993841E-004, 9.0000000E-001
 1.8768118E+002,-3.6368469E-003, 7.3225808E-006, 1.2590760E-001, 8.2711758E-006, 5.3092234E-004, 9.0000000E-001
 1.8799741E+002,-3.6413581E-003, 7.3362955E-006, 1.2591278E-001,-1.2207711E-004, 5.2321237E-004, 9.0000000E-001
 1.8831363E+002,-3.6474197E-003, 7.3541841E-006, 1.2591938E-001,-2.8633211E-004, 5.0218011E-004, 9.0000000E-001
 1.8847175E+002,-3.6520032E-003, 7.3671358E-006, 1.2592452E-001,-3.9987131E-004, 4.7911188E-004, 9.0000000E-001
 1.8878798E+002,-3.6566233E-003, 7.3794183E-006, 1.2593051E-001,-5.0104127E-004, 4.4989169E-004, 9.0000000E-001
 1.8894609E+002,-3.6612867E-003, 7.3910197E-006, 1.2593778E-001,-5.9061682E-004, 4.1667988E-004, 9.0000000E-001
 1.8926232E+002,-3.6659704E-003, 7.4015831E-006, 1.2594754E-001,-6.6381947E-004, 3.7979100E-004, 9.0000000E-001
 1.8942043E+002,-3.6707194E-003, 7.4111646E-006, 1.2596013E-001,-7.2261146E-004, 3.4109142E-004, 9.0000000E-001
 1.8973666E+002,-3.6755308E-003, 7.4193294E-006, 1.2597745E-001,-7.6204725E-004, 3.0162125E-004, 9.0000000E-001
 1.8989477E+002,-3.6803735E-003, 7.4262107E-006, 1.2599960E-001,-7.8514394E-004, 2.6275717E-004, 9.0000000E-001
 1.9021100E+002,-3.6852573E-003, 7.4313053E-006, 1.2602924E-001,-7.8707297E-004, 2.2617846E-004, 9.0000000E-001
 1.9036912E+002,-3.6901700E-003, 7.4348305E-006, 1.2606611E-001,-7.7170168E-004, 1.9262087E-004, 9.0000000E-001
 1.9068534E+002,-3.6951544E-003, 7.4362304E-006, 1.2611361E-001,-7.3457112E-004, 1.6424848E-004, 9.0000000E-001
 1.9084346E+002,-3.7001814E-003, 7.4358098E-006, 1.2617099E-001,-6.8014695E-004, 1.4106685E-004, 9.0000000E-001
 1.9115968E+002,-3.7053048E-003, 7.4329822E-006, 1.2624241E-001,-6.0454952E-004, 1.2552079E-004, 9.0000000E-001
 1.9131780E+002,-3.7103974E-003, 7.4281399E-006, 1.2632647E-001,-5.1256602E-004, 1.1686902E-004, 9.0000000E-001
 1.9163403E+002,-3.7155162E-003, 7.4206950E-006, 1.2642805E-001,-4.0104810E-004, 1.1760068E-004, 9.0000000E-001
 1.9179214E+002,-3.7206285E-003, 7.4111222E-006, 1.2654501E-001,-2.7482113E-004, 1.2628290E-004, 9.0000000E-001
 1.9210837E+002,-3.7257355E-003, 7.3988674E-006, 1.2668283E-001,-1.3155157E-004, 1.4519791E-004, 9.0000000E-001
 1.9226648E+002,-3.7308215E-003, 7.3844755E-006, 1.2683858E-001, 2.4165363E-005, 1.7234287E-004, 9.0000000E-001
 1.9258271E+002,-3.7358821E-003, 7.3674643E-006, 1.2701818E-001, 1.9383692E-004, 2.0954776E-004, 9.0000000E-001
 1.9274082E+002,-3.7409180E-003, 7.3484295E-006, 1.2721792E-001, 3.7333157E-004, 2.5441952E-004, 9.0000000E-001
 1.9305705E+002,-3.7458760E-003, 7.3269996E-006, 1.2744398E-001, 5.6338855E-004, 3.0811832E-004, 9.0000000E-001
 1.9321517E+002,-3.7507698E-003, 7.3037927E-006, 1.2769189E-001, 7.6052177E-004, 3.6808416E-004, 9.0000000E-001
 1.9353139E+002,-3.7555849E-003, 7.2785834E-006, 1.2796788E-001, 9.6482205E-004, 4.3463591E-004, 9.0000000E-001
 1.9368951E+002,-3.7603109E-003, 7.2519769E-006, 1.2826680E-001, 1.1735671E-003, 5.0529457E-004, 9.0000000E-001
 1.9400573E+002,-3.7649269E-003, 7.2239197E-006, 1.2859473E-001, 1.3863692E-003, 5.7942757E-004, 9.0000000E-001
 1.9416385E+002,-3.7694319E-003, 7.1949634E-006, 1.2894595E-001, 1.6013197E-003, 6.5488945E-004, 9.0000000E-001
 1.9448008E+002,-3.7738146E-003, 7.1652392E-006, 1.2932615E-001, 1.8177586E-003, 7.3005871E-004, 9.0000000E-001
 1.9479630E+002,-3.7795006E-003, 7.1251709E-006, 1.2987109E-001, 2.1067809E-003, 8.2670467E-004, 9.0000000E-001
 1.9495442E+002,-3.7836341E-003, 7.0951844E-006, 1.3030760E-001, 2.3231030E-003, 8.9439984E-004, 9.0000000E-001
 1.9527065E+002,-3.7876377E-003, 7.0657252E-006, 1.3077082E-001, 2.5383578E-003, 9.5484626E-004, 9.0000000E-001
 1.9542876E+002,-3.7915349E-003, 7.0370014E-006, 1.3125444E-001, 2.7525294E-003, 1.0078424E-003, 9.0000000E-001
 1.9574499E+002,-3.7952968E-003, 7.0095735E-006, 1.3176208E-001, 2.9653098E-003, 1.0495595E-003, 9.0000000E-001
 1.9590310E+002,-3.7989502E-003, 6.9834671E-006, 1.3228762E-001, 3.1771186E-003, 1.0807839E-003, 9.0000000E-001
 1.9621933E+002,-3.8024821E-003, 6.9593354E-006, 1.3283365E-001, 3.3881231E-003, 1.0972509E-003, 9.0000000E-001
 1.9637744E+002,-3.8059108E-003, 6.9370134E-006, 1.3339442E-001, 3.5989634E-003, 1.1007688E-003, 9.0000000E-001
 1.9669367E+002,-3.8092399E-003, 6.9171937E-006, 1.3397142E-001, 3.8103892E-003, 1.0869579E-003, 9.0000000E-001
 1.9685178E+002,-3.8124876E-003, 6.8995311E-006, 1.3455952E-001, 4.0230297E-003, 1.0585992E-003, 9.0000000E-001
 1.9716801E+002,-3.8156241E-003, 6.8847018E-006, 1.3515907E-001, 4.2382491E-003, 1.0115628E-003, 9.0000000E-001
 1.9732613E+002,-3.8186556E-003, 6.8722066E-006, 1.3576577E-001, 4.4564419E-003, 9.4946460E-004, 9.0000000E-001
 1.9764235E+002,-3.8215824E-003, 6.8626521E-006, 1.3637888E-001, 4.6795351E-003, 8.6880542E-004, 9.0000000E-001
 1.9780047E+002,-3.8244127E-003, 6.8554253E-006, 1.3699508E-001, 4.9074967E-003, 7.7381156E-004, 9.0000000E-001
 1.9811670E+002,-3.8271253E-003, 6.8510163E-006, 1.3761262E-001, 5.1426841E-003, 6.6197748E-004, 9.0000000E-001
 1.9827481E+002,-3.8297527E-003, 6.8487473E-006, 1.3822928E-001, 5.3845017E-003, 5.3783532E-004, 9.0000000E-001
 1.9859104E+002,-3.8322621E-003, 6.8489549E-006, 1.3884245E-001, 5.6355364E-003, 4.0017775E-004, 9.0000000E-001
 1.9874915E+002,-3.8346686E-003, 6.8509492E-006, 1.3945103E-001, 5.8945677E-003, 2.5347456E-004, 9.0000000E-001
 1.9906538E+002,-3.8369469E-003, 6.8548872E-006, 1.4005171E-001, 6.1641664E-003, 9.8020043E-005, 9.0000000E-001
 1.9922349E+002,-3.8391203E-003, 6.8601198E-006, 1.4064448E-001, 6.4425112E-003,-6.2183643E-005, 9.0000000E-001
 1.9953972E+002,-3.8411464E-003, 6.8666109E-006, 1.4122552E-001, 6.7318952E-003,-2.2527544E-004, 9.0000000E-001
 1.9969783E+002,-3.8430697E-003, 6.8738005E-006, 1.4179583E-001, 7.0300047E-003,-3.8812633E-004, 9.0000000E-001
 2.0001406E+002,-3.8448634E-003, 6.8814561E-006, 1.4235120E-001, 7.3386060E-003,-5.4740719E-004, 9.0000000E-001
 2.0017218E+002,-3.8465407E-003, 6.8891474E-006, 1.4289352E-001, 7.6550701E-003,-7.0122251E-004, 9.0000000E-001
 2.0048840E+002,-3.8480929E-003, 6.8964532E-006, 1.4341831E-001, 7.9804185E-003,-8.4504390E-004, 9.0000000E-001
 2.0064652E+002,-3.8495785E-003, 6.9031045E-006, 1.4392819E-001, 8.3119280E-003,-9.7847562E-004, 9.0000000E-001
 2.0096275E+002,-3.8509391E-003, 6.9085098E-006, 1.4441846E-001, 8.6496936E-003,-1.0962113E-003, 9.0000000E-001
 2.0112086E+002,-3.8521751E-003, 6.9125837E-006, 1.4489232E-001, 8.9911315E-003,-1.1994827E-003, 9.0000000E-001
 2.0143709E+002,-3.8533100E-003, 6.9145934E-006, 1.4534488E-001, 9.3352523E-003,-1.2827392E-003, 9.0000000E-001
 2.0175331E+002,-3.8546509E-003, 6.9139389E-006, 1.4591871E-001, 9.7943244E-003,-1.3648677E-003, 9.0000000E-001
 2.0191143E+002,-3.8555503E-003, 6.9106064E-006, 1.4632618E-001, 1.0136436E-002,-1.4039718E-003, 9.0000000E-001
 2.0222766E+002,-3.8563802E-003, 6.9040812E-006, 1.4670991E-001, 1.0473303E-002,-1.4203345E-003, 9.0000000E-001
 2.0238577E+002,-3.8571307E-003, 6.8947994E-006, 1.4707408E-001, 1.0803684E-002,-1.4188439E-003, 9.0000000E-001
 2.0270200E+002,-3.8578000E-003, 6.8818725E-006, 1.4741310E-001, 1.1122823E-002,-1.3960995E-003, 9.0000000E-001
 2.0286011E+002,-3.8584122E-003, 6.8659125E-006, 1.4773138E-001, 1.1430258E-002,-1.3576355E-003, 9.0000000E-001
 2.0317634E+002,-3.8589352E-003, 6.8460802E-006, 1.4802300E-001, 1.1719360E-002,-1.3017077E-003, 9.0000000E-001
 2.0333445E+002,-3.8593814E-003, 6.8231344E-006, 1.4829264E-001, 1.1990595E-002,-1.2339254E-003, 9.0000000E-001
 2.0365068E+002,-3.8597751E-003, 6.7963509E-006, 1.4853401E-001, 1.2235138E-002,-1.1544249E-003, 9.0000000E-001
 2.0380880E+002,-3.8600964E-003, 6.7665938E-006, 1.4875211E-001, 1.2454577E-002,-1.0682869E-003, 9.0000000E-001
 2.0412502E+002,-3.8603278E-003, 6.7333178E-006, 1.4894034E-001, 1.2637572E-002,-9.7754017E-004, 9.0000000E-001
 2.0428314E+002,-3.8604974E-003, 6.6974388E-006, 1.4910402E-001, 1.2787103E-002,-8.8616607E-004, 9.0000000E-001
 2.0459936E+002,-3.8605747E-003, 6.6586459E-006, 1.4923626E-001, 1.2889084E-002,-7.9786905E-004, 9.0000000E-001
 2.0475748E+002,-3.8605732E-003, 6.6178429E-006, 1.4934278E-001, 1.2948247E-002,-7.1506119E-004, 9.0000000E-001
 2.0507371E+002,-3.8604680E-003, 6.5749929E-006, 1.4941647E-001, 1.2947703E-002,-6.4268527E-004, 9.0000000E-001
 2.0523182E+002,-3.8602743E-003, 6.5309175E-006, 1.4946343E-001, 1.2894358E-002,-5.8127473E-004, 9.0000000E-001
 2.0554805E+002,-3.8599679E-003, 6.4858722E-006, 1.4947645E-001, 1.2768718E-002,-5.3638995E-004, 9.0000000E-001
 2.0570616E+002,-3.8596014E-003, 6.4405252E-006, 1.4946197E-001, 1.2580294E-002,-5.0658622E-004, 9.0000000E-001
 2.0602239E+002,-3.8591010E-003, 6.3954160E-006, 1.4941277E-001, 1.2307492E-002,-4.9730110E-004, 9.0000000E-001
 2.0618050E+002,-3.8584614E-003, 6.3509943E-006, 1.4933561E-001, 1.1962775E-002,-5.0524877E-004, 9.0000000E-001
 2.0649673E+002,-3.8577306E-003, 6.3080463E-006, 1.4922337E-001, 1.1523263E-002,-5.3496435E-004, 9.0000000E-001
 2.0665485E+002,-3.8568860E-003, 6.2667523E-006, 1.4908306E-001, 1.1004532E-002,-5.8169237E-004, 9.0000000E-001
 2.0697107E+002,-3.8559022E-003, 6.2280813E-006, 1.4890780E-001, 1.0383483E-002,-6.4833692E-004, 9.0000000E-001
 2.0712919E+002,-3.8548083E-003, 6.1919149E-006, 1.4870478E-001, 9.6786920E-003,-7.2925028E-004, 9.0000000E-001
 2.0744541E+002,-3.8536049E-003, 6.1593195E-006, 1.4846753E-001, 8.8680543E-003,-8.2512159E-004, 9.0000000E-001
 2.0760353E+002,-3.8523147E-003, 6.1298762E-006, 1.4820337E-001, 7.9726984E-003,-9.3014354E-004, 9.0000000E-001
 2.0791976E+002,-3.8509117E-003, 6.1046500E-006, 1.4790644E-001, 6.9727316E-003,-1.0424440E-003, 9.0000000E-001
 2.0823598E+002,-3.8489010E-003, 6.0769109E-006, 1.4746858E-001, 5.5040819E-003,-1.1946255E-003, 9.0000000E-001
 2.0839410E+002,-3.8473073E-003, 6.0605953E-006, 1.4711018E-001, 4.3050704E-003,-1.3055746E-003, 9.0000000E-001
 2.0871033E+002,-3.8456498E-003, 6.0487153E-006, 1.4672393E-001, 3.0147024E-003,-1.4072818E-003, 9.0000000E-001
 2.0886844E+002,-3.8438903E-003, 6.0402554E-006, 1.4631721E-001, 1.6564427E-003,-1.4974617E-003, 9.0000000E-001
 2.0918467E+002,-3.8420251E-003, 6.0357970E-006, 1.4588771E-001, 2.2088852E-004,-1.5683138E-003, 9.0000000E-001
 2.0934278E+002,-3.8400951E-003, 6.0342430E-006, 1.4544258E-001,-1.2697874E-003,-1.6200881E-003, 9.0000000E-001
 2.0965901E+002,-3.8381009E-003, 6.0358424E-006, 1.4498179E-001,-2.8201906E-003,-1.6441578E-003, 9.0000000E-001
 2.0981712E+002,-3.8360471E-003, 6.0395127E-006, 1.4451194E-001,-4.4106041E-003,-1.6435768E-003, 9.0000000E-001
 2.1013335E+002,-3.8339223E-003, 6.0451144E-006, 1.4403575E-001,-6.0408705E-003,-1.6100998E-003, 9.0000000E-001
 2.1029146E+002,-3.8317376E-003, 6.0516759E-006, 1.4355885E-001,-7.6946958E-003,-1.5494555E-003, 9.0000000E-001
 2.1060769E+002,-3.8294744E-003, 6.0586300E-006, 1.4308700E-001,-9.3674430E-003,-1.4550490E-003, 9.0000000E-001
 2.1076581E+002,-3.8271516E-003, 6.0652054E-006, 1.4262424E-001,-1.1046920E-002,-1.3347050E-003, 9.0000000E-001
 2.1108203E+002,-3.8247339E-003, 6.0703836E-006, 1.4217949E-001,-1.2724441E-002,-1.1845727E-003, 9.0000000E-001
 2.1124015E+002,-3.8222584E-003, 6.0736704E-006, 1.4175456E-001,-1.4392274E-002,-1.0135718E-003, 9.0000000E-001
 2.1155638E+002,-3.8197435E-003, 6.0735859E-006, 1.4136124E-001,-1.6038166E-002,-8.2127305E-004, 9.0000000E-001
 2.1171449E+002,-3.8171062E-003, 6.0699762E-006, 1.4099854E-001,-1.7658904E-002,-6.1638962E-004, 9.0000000E-001
 2.1203072E+002,-3.8144117E-003, 6.0609020E-006, 1.4068054E-001,-1.9239114E-002,-4.0198063E-004, 9.0000000E-001
 2.1218883E+002,-3.8116553E-003, 6.0465990E-006, 1.4040307E-001,-2.0779931E-002,-1.8515407E-004, 9.0000000E-001
 2.1250506E+002,-3.8088283E-003, 6.0246825E-006, 1.4018161E-001,-2.2263216E-002, 2.8184624E-005, 9.0000000E-001
 2.1266317E+002,-3.8059230E-003, 5.9958145E-006, 1.4000866E-001,-2.3694129E-002, 2.3376938E-004, 9.0000000E-001
 2.1297940E+002,-3.8029332E-003, 5.9571930E-006, 1.3990004E-001,-2.5052019E-002, 4.2416610E-004, 9.0000000E-001
 2.1313751E+002,-3.7998916E-003, 5.9099316E-006, 1.3984510E-001,-2.6345679E-002, 5.9875473E-004, 9.0000000E-001
 2.1345374E+002,-3.7967802E-003, 5.8508558E-006, 1.3985890E-001,-2.7552082E-002, 7.5037726E-004, 9.0000000E-001
 2.1361186E+002,-3.7936303E-003, 5.7815457E-006, 1.3992817E-001,-2.8683273E-002, 8.8219870E-004, 9.0000000E-001
 2.1392808E+002,-3.7904072E-003, 5.6985183E-006, 1.4006619E-001,-2.9713888E-002, 9.8928576E-004, 9.0000000E-001
 2.1408620E+002,-3.7871420E-003, 5.6038232E-006, 1.4025795E-001,-3.0658897E-002, 1.0779241E-003, 9.0000000E-001
 2.1440243E+002,-3.7838264E-003, 5.4937543E-006, 1.4051425E-001,-3.1490568E-002, 1.1470491E-003, 9.0000000E-001
 2.1456054E+002,-3.7804573E-003, 5.3708188E-006, 1.4081942E-001,-3.2226548E-002, 1.2046247E-003, 9.0000000E-001
 2.1487677E+002,-3.7770397E-003, 5.2311949E-006, 1.4118143E-001,-3.2836647E-002, 1.2543410E-003, 9.0000000E-001
 2.1519299E+002,-3.7723873E-003, 5.0220224E-006, 1.4173241E-001,-3.3472485E-002, 1.3220938E-003, 9.0000000E-001
 2.1535111E+002,-3.7688489E-003, 4.8475335E-006, 1.4219164E-001,-3.3809780E-002, 1.3823229E-003, 9.0000000E-001
 2.1566734E+002,-3.7652521E-003, 4.6551910E-006, 1.4269051E-001,-3.3999955E-002, 1.4617126E-003, 9.0000000E-001
 2.1582545E+002,-3.7616089E-003, 4.4485233E-006, 1.4321669E-001,-3.4067169E-002, 1.5626694E-003, 9.0000000E-001
 2.1614168E+002,-3.7579035E-003, 4.2240608E-006, 1.4377160E-001,-3.3973968E-002, 1.6971519E-003, 9.0000000E-001
 2.1629979E+002,-3.7541368E-003, 3.9855720E-006, 1.4434525E-001,-3.3746981E-002, 1.8624351E-003, 9.0000000E-001
 2.1661602E+002,-3.7502971E-003, 3.7299869E-006, 1.4493723E-001,-3.3345859E-002, 2.0688473E-003, 9.0000000E-001
 2.1677413E+002,-3.7463992E-003, 3.4611966E-006, 1.4553988E-001,-3.2799893E-002, 2.3083155E-003, 9.0000000E-001
 2.1709036E+002,-3.7423881E-003, 3.1766605E-006, 1.4615097E-001,-3.2066036E-002, 2.5862021E-003, 9.0000000E-001
 2.1724848E+002,-3.7383023E-003, 2.8802510E-006, 1.4676482E-001,-3.1176574E-002, 2.8902236E-003, 9.0000000E-001
 2.1756470E+002,-3.7341399E-003, 2.5700559E-006, 1.4737694E-001,-3.0086457E-002, 3.2179255E-003, 9.0000000E-001
 2.1772282E+002,-3.7299016E-003, 2.2497718E-006, 1.4798321E-001,-2.8831427E-002, 3.5552456E-003, 9.0000000E-001
 2.1803904E+002,-3.7255778E-003, 1.9181676E-006, 1.4857602E-001,-2.7365886E-002, 3.8902504E-003, 9.0000000E-001
 2.1819716E+002,-3.7211344E-003, 1.5786063E-006, 1.4915258E-001,-2.5729519E-002, 4.2104213E-003, 9.0000000E-001
 2.1851339E+002,-3.7165755E-003, 1.2305416E-006, 1.4970108E-001,-2.3878642E-002, 4.4943299E-003, 9.0000000E-001
 2.1867150E+002,-3.7119080E-003, 8.7685933E-007, 1.5022030E-001,-2.1857195E-002, 4.7345496E-003, 9.0000000E-001
 2.1898773E+002,-3.7071460E-003, 5.1765358E-007, 1.5069341E-001,-1.9627049E-002, 4.9019534E-003, 9.0000000E-001
 2.1914584E+002,-3.7022889E-003, 1.5522458E-007, 1.5112150E-001,-1.7236246E-002, 4.9972755E-003, 9.0000000E-001
 2.1946207E+002,-3.6973269E-003,-2.0976971E-007, 1.5148257E-001,-1.4656973E-002, 4.9871656E-003, 9.0000000E-001
 2.1962018E+002,-3.6922779E-003,-5.7567766E-007, 1.5178129E-001,-1.1940330E-002, 4.8824138E-003, 9.0000000E-001
 2.1993641E+002,-3.6871104E-003,-9.4136494E-007, 1.5199133E-001,-9.0742587E-003, 4.6500466E-003, 9.0000000E-001
 2.2009453E+002,-3.6818749E-003,-1.3058336E-006, 1.5212232E-001,-6.1105868E-003, 4.3110608E-003, 9.0000000E-001
 2.2041075E+002,-3.6765210E-003,-1.6675492E-006, 1.5214556E-001,-3.0583437E-003, 3.8378076E-003, 9.0000000E-001
 2.2056887E+002,-3.6710841E-003,-2.0261295E-006, 1.5207672E-001, 3.3915412E-005, 3.2598565E-003, 9.0000000E-001
 2.2088509E+002,-3.6655664E-003,-2.3796915E-006, 1.5188778E-001, 3.1322816E-003, 2.5596074E-003, 9.0000000E-001
 2.2104321E+002,-3.6600039E-003,-2.7284068E-006, 1.5160073E-001, 6.1972180E-003, 1.7719829E-003, 9.0000000E-001
 2.2135944E+002,-3.6543721E-003,-3.0700853E-006, 1.5119179E-001, 9.1690676E-003, 8.9311587E-004, 9.0000000E-001
 2.2167566E+002,-3.6468290E-003,-3.5148535E-006, 1.5049051E-001, 1.2924789E-002,-3.6556866E-004, 9.0000000E-001
 2.2183378E+002,-3.6411422E-003,-3.8394875E-006, 1.4985523E-001, 1.5533251E-002,-1.3486062E-003, 9.0000000E-001
 2.2215001E+002,-3.6354605E-003,-4.1543102E-006, 1.4912355E-001, 1.7873459E-002,-2.3368498E-003, 9.0000000E-001
 2.2230812E+002,-3.6297714E-003,-4.4607893E-006, 1.4832613E-001, 1.9961056E-002,-3.3045481E-003, 9.0000000E-001
 2.2262435E+002,-3.6240958E-003,-4.7563864E-006, 1.4746339E-001, 2.1691364E-002,-4.2150014E-003, 9.0000000E-001
 2.2278246E+002,-3.6184468E-003,-5.0430744E-006, 1.4656336E-001, 2.3108044E-002,-5.0547696E-003, 9.0000000E-001
 2.2309869E+002,-3.6128378E-003,-5.3186516E-006, 1.4563681E-001, 2.4107174E-002,-5.7767975E-003, 9.0000000E-001
 2.2325680E+002,-3.6072745E-003,-5.5856025E-006, 1.4470549E-001, 2.4759130E-002,-6.3831556E-003, 9.0000000E-001
 2.2357303E+002,-3.6017609E-003,-5.8425129E-006, 1.4378851E-001, 2.4971815E-002,-6.8220432E-003, 9.0000000E-001
 2.2373114E+002,-3.5962953E-003,-6.0923219E-006, 1.4289837E-001, 2.4836795E-002,-7.1120601E-003, 9.0000000E-001
 2.2404737E+002,-3.5908969E-003,-6.3349597E-006, 1.4205907E-001, 2.4282893E-002,-7.2029361E-003, 9.0000000E-001
 2.2420549E+002,-3.5855558E-003,-6.5736317E-006, 1.4127235E-001, 2.3413761E-002,-7.1282857E-003, 9.0000000E-001
 2.2452171E+002,-3.5802699E-003,-6.8101630E-006, 1.4056313E-001, 2.2184692E-002,-6.8452413E-003, 9.0000000E-001
 2.2467983E+002,-3.5750337E-003,-7.0476556E-006, 1.3992290E-001, 2.0700414E-002,-6.3987063E-003, 9.0000000E-001
 2.2499606E+002,-3.5697943E-003,-7.2902531E-006, 1.3937424E-001, 1.8944167E-002,-5.7579481E-003, 9.0000000E-001
 2.2515417E+002,-3.5646341E-003,-7.5404085E-006, 1.3890087E-001, 1.7010997E-002,-4.9739401E-003, 9.0000000E-001
 2.2547040E+002,-3.5594764E-003,-7.8047598E-006, 1.3852141E-001, 1.4909991E-002,-4.0312521E-003, 9.0000000E-001
 2.2562851E+002,-3.5542967E-003,-8.0844725E-006, 1.3821544E-001, 1.2717892E-002,-2.9811571E-003, 9.0000000E-001
 2.2594474E+002,-3.5490884E-003,-8.3885180E-006, 1.3799782E-001, 1.0465044E-002,-1.8251692E-003, 9.0000000E-001
 2.2610285E+002,-3.5438646E-003,-8.7161276E-006, 1.3784758E-001, 8.2045271E-003,-6.0940934E-004, 9.0000000E-001
 2.2641908E+002,-3.5385813E-003,-9.0781044E-006, 1.3777727E-001, 5.9822917E-003, 6.4747586E-004, 9.0000000E-001
 2.2657719E+002,-3.5332236E-003,-9.4712214E-006, 1.3776780E-001, 3.8261296E-003, 1.9092882E-003, 9.0000000E-001
 2.2689342E+002,-3.5277816E-003,-9.9072148E-006, 1.3783128E-001, 1.7923186E-003, 3.1415634E-003, 9.0000000E-001
 2.2705154E+002,-3.5222282E-003,-1.0380101E-005, 1.3795141E-001,-1.1517380E-004, 4.3217394E-003, 9.0000000E-001
 2.2736776E+002,-3.5164619E-003,-1.0901331E-005, 1.3814122E-001,-1.8341093E-003, 5.4022811E-003, 9.0000000E-001
 2.2752588E+002,-3.5105576E-003,-1.1462155E-005, 1.3838644E-001,-3.3810918E-003, 6.3770174E-003, 9.0000000E-001
 2.2784211E+002,-3.5044350E-003,-1.2072210E-005, 1.3870103E-001,-4.6916247E-003, 7.1901278E-003, 9.0000000E-001
 2.2800022E+002,-3.4981235E-003,-1.2720343E-005, 1.3907124E-001,-5.7992083E-003, 7.8533918E-003, 9.0000000E-001
 2.2831645E+002,-3.4915604E-003,-1.3412695E-005, 1.3951088E-001,-6.6407788E-003, 8.3086356E-003, 9.0000000E-001
 2.2863267E+002,-3.4824332E-003,-1.4386644E-005, 1.4018833E-001,-7.3967863E-003, 8.6147519E-003, 9.0000000E-001
 2.2879079E+002,-3.4752936E-003,-1.5148031E-005, 1.4076279E-001,-7.6870235E-003, 8.6095373E-003, 9.0000000E-001
 2.2910702E+002,-3.4678494E-003,-1.5929672E-005, 1.4139934E-001,-7.7041283E-003, 8.3660255E-003, 9.0000000E-001
 2.2926513E+002,-3.4601441E-003,-1.6718622E-005, 1.4208109E-001,-7.5096313E-003, 7.9343281E-003, 9.0000000E-001
 2.2958136E+002,-3.4521168E-003,-1.7503704E-005, 1.4281171E-001,-7.0649610E-003, 7.2761996E-003, 9.0000000E-001
 2.2973947E+002,-3.4438526E-003,-1.8274086E-005, 1.4357393E-001,-6.4356567E-003, 6.4476874E-003, 9.0000000E-001
 2.3005570E+002,-3.4353122E-003,-1.9010026E-005, 1.4436431E-001,-5.6006373E-003, 5.4244733E-003, 9.0000000E-001
 2.3021381E+002,-3.4265667E-003,-1.9704636E-005, 1.4516690E-001,-4.6249138E-003, 4.2631261E-003, 9.0000000E-001
 2.3053004E+002,-3.4175899E-003,-2.0329390E-005, 1.4597030E-001,-3.5080828E-003, 2.9548563E-003, 9.0000000E-001
 2.3068816E+002,-3.4084576E-003,-2.0883277E-005, 1.4676193E-001,-2.3091168E-003, 1.5517935E-003, 9.0000000E-001
 2.3100438E+002,-3.3991808E-003,-2.1329752E-005, 1.4752247E-001,-1.0490902E-003, 6.1058863E-005, 9.0000000E-001
 2.3116250E+002,-3.3898404E-003,-2.1675340E-005, 1.4824476E-001, 2.2514166E-004,-1.4739698E-003, 9.0000000E-001
 2.3147872E+002,-3.3804682E-003,-2.1877157E-005, 1.4890251E-001, 1.4733052E-003,-3.0310557E-003, 9.0000000E-001
 2.3163684E+002,-3.3711450E-003,-2.1950715E-005, 1.4949563E-001, 2.6662791E-003,-4.5789533E-003, 9.0000000E-001
 2.3195307E+002,-3.3619704E-003,-2.1849348E-005, 1.4999279E-001, 3.7500666E-003,-6.0824076E-003, 9.0000000E-001
 2.3211118E+002,-3.3529551E-003,-2.1598039E-005, 1.5040216E-001, 4.7174461E-003,-7.5249872E-003, 9.0000000E-001
 2.3242741E+002,-3.3442919E-003,-2.1149651E-005, 1.5069024E-001, 5.5089990E-003,-8.8621892E-003, 9.0000000E-001
 2.3258552E+002,-3.3359755E-003,-2.0538216E-005, 1.5087385E-001, 6.1407771E-003,-1.0093861E-002, 9.0000000E-001
 2.3290175E+002,-3.3281813E-003,-1.9719721E-005, 1.5092055E-001, 6.5572571E-003,-1.1170886E-002, 9.0000000E-001
 2.3305986E+002,-3.3209305E-003,-1.8735659E-005, 1.5085494E-001, 6.7952561E-003,-1.2109058E-002, 9.0000000E-001
 2.3337609E+002,-3.3143932E-003,-1.7548896E-005, 1.5064894E-001, 6.8113483E-003,-1.2859523E-002, 9.0000000E-001
 2.3353421E+002,-3.3084793E-003,-1.6206175E-005, 1.5033311E-001, 6.6569585E-003,-1.3452037E-002, 9.0000000E-001
 2.3385043E+002,-3.3035149E-003,-1.4680385E-005, 1.4988640E-001, 6.3062514E-003,-1.3842462E-002, 9.0000000E-001
 2.3400855E+002,-3.2993770E-003,-1.3020368E-005, 1.4934221E-001, 5.8167720E-003,-1.4070981E-002, 9.0000000E-001
 2.3432477E+002,-3.2963198E-003,-1.1211512E-005, 1.4868778E-001, 5.1822798E-003,-1.4101573E-002, 9.0000000E-001
 2.3448289E+002,-3.2941785E-003,-9.3014620E-006, 1.4795592E-001, 4.4574131E-003,-1.3980500E-002, 9.0000000E-001
 2.3479912E+002,-3.2932504E-003,-7.2903523E-006, 1.4714240E-001, 3.6541628E-003,-1.3682256E-002, 9.0000000E-001
 2.3511534E+002,-3.2936529E-003,-4.5186130E-006, 1.4597404E-001, 2.5337509E-003,-1.3073250E-002, 9.0000000E-001
 2.3527346E+002,-3.2951924E-003,-2.4033424E-006, 1.4505182E-001, 1.6912336E-003,-1.2477069E-002, 9.0000000E-001
 2.3558969E+002,-3.2979556E-003,-2.9074520E-007, 1.4410324E-001, 8.8491437E-004,-1.1766656E-002, 9.0000000E-001
 2.3574780E+002,-3.3016776E-003, 1.7913451E-006, 1.4314658E-001, 1.3153788E-004,-1.0983712E-002, 9.0000000E-001
 2.3606403E+002,-3.3065380E-003, 3.7984518E-006, 1.4219512E-001,-5.2947653E-004,-1.0135047E-002, 9.0000000E-001
 2.3622214E+002,-3.3122386E-003, 5.7155290E-006, 1.4125909E-001,-1.0986834E-003,-9.2543500E-003, 9.0000000E-001
 2.3653837E+002,-3.3188807E-003, 7.4823692E-006, 1.4035481E-001,-1.5353672E-003,-8.3596030E-003, 9.0000000E-001
 2.3669648E+002,-3.3261686E-003, 9.0993984E-006, 1.3948462E-001,-1.8551557E-003,-7.4742487E-003, 9.0000000E-001
 2.3701271E+002,-3.3341355E-003, 1.0493773E-005, 1.3866585E-001,-2.0199558E-003,-6.6256406E-003, 9.0000000E-001
 2.3717082E+002,-3.3424941E-003, 1.1683942E-005, 1.3789384E-001,-2.0568757E-003,-5.8254878E-003, 9.0000000E-001
 2.3748705E+002,-3.3511685E-003, 1.2589014E-005, 1.3718515E-001,-1.9334255E-003,-5.1078244E-003, 9.0000000E-001
 2.3764517E+002,-3.3599381E-003, 1.3246690E-005, 1.3652960E-001,-1.6840977E-003,-4.4719970E-003, 9.0000000E-001
 2.3796139E+002,-3.3686793E-003, 1.3576905E-005, 1.3594165E-001,-1.2841521E-003,-3.9553974E-003, 9.0000000E-001
 2.3811951E+002,-3.3772187E-003, 1.3635724E-005, 1.3540743E-001,-7.7142701E-004,-3.5454424E-003, 9.0000000E-001
 2.3843574E+002,-3.3853493E-003, 1.3351896E-005, 1.3493838E-001,-1.3030300E-004,-3.2793073E-003, 9.0000000E-001
 2.3859385E+002,-3.3929852E-003, 1.2797557E-005, 1.3451890E-001, 6.0172172E-004,-3.1340029E-003, 9.0000000E-001
 2.3891008E+002,-3.3998432E-003, 1.1918921E-005, 1.3415702E-001, 1.4305216E-003,-3.1431126E-003, 9.0000000E-001
 2.3906819E+002,-3.4059653E-003, 1.0798624E-005, 1.3383713E-001, 2.3221143E-003,-3.2757930E-003, 9.0000000E-001
 2.3938442E+002,-3.4110369E-003, 9.4076058E-006, 1.3356396E-001, 3.2727175E-003,-3.5593490E-003, 9.0000000E-001
 2.3954253E+002,-3.4151886E-003, 7.8309616E-006, 1.3332328E-001, 4.2544158E-003,-3.9583673E-003, 9.0000000E-001
 2.3985876E+002,-3.4181385E-003, 6.0684089E-006, 1.3311701E-001, 5.2545286E-003,-4.4921169E-003, 9.0000000E-001
 2.4000000E+002,-3.4200735E-003, 4.4217198E-006, 1.3294556E-001, 6.1823447E-003,-5.0752168E-003, 9.0000000E-001
